Figure 2: Entangled state delivery time

Number of events: 9000
Mean time: 969(10) µs
Rate: 1032(11) Hz

    Bin start (ms)       Bin end (ms) Occurrences
        0.00000000         0.28959120        2136
        0.28959120         0.57918240        1834
        0.57918240         0.86877360        1374
        0.86877360         1.15836480         988
        1.15836480         1.44795600         718
        1.44795600         1.73754720         514
        1.73754720         2.02713840         385
        2.02713840         2.31672960         277
        2.31672960         2.60632080         198
        2.60632080         2.89591200         158
        2.89591200         3.18550320          98
        3.18550320         3.47509440          82
        3.47509440         3.76468560          64
        3.76468560         4.05427680          37
        4.05427680         4.34386800          28
        4.34386800         4.63345920          30
        4.63345920         4.92305040          19
        4.92305040         5.21264160          22
        5.21264160         5.50223280           8
        5.50223280         5.79182400           5
        5.79182400         6.08141520           7
        6.08141520         6.37100640           7
        6.37100640         6.66059760           2
        6.66059760         6.95018880           0
        6.95018880         7.23978000           2
        7.23978000         7.52937120           3
        7.52937120         7.81896240           0
        7.81896240         8.10855360           1
        8.10855360         8.39814480           2
        8.39814480         8.68773600           1

Attempts per success
Number of events: 9000
Mean attempts: 731(8)

         Bin start            Bin end Occurrences
        0.00000000       228.16666667        2456
      228.16666667       456.33333333        1740
      456.33333333       684.50000000        1338
      684.50000000       912.66666667         906
      912.66666667      1140.83333333         680
     1140.83333333      1369.00000000         509
     1369.00000000      1597.16666667         351
     1597.16666667      1825.33333333         280
     1825.33333333      2053.50000000         187
     2053.50000000      2281.66666667         140
     2281.66666667      2509.83333333          96
     2509.83333333      2738.00000000          91
     2738.00000000      2966.16666667          53
     2966.16666667      3194.33333333          39
     3194.33333333      3422.50000000          27
     3422.50000000      3650.66666667          29
     3650.66666667      3878.83333333          20
     3878.83333333      4107.00000000          20
     4107.00000000      4335.16666667           8
     4335.16666667      4563.33333333           5
     4563.33333333      4791.50000000           7
     4791.50000000      5019.66666667           7
     5019.66666667      5247.83333333           2
     5247.83333333      5476.00000000           0
     5476.00000000      5704.16666667           2
     5704.16666667      5932.33333333           3
     5932.33333333      6160.50000000           0
     6160.50000000      6388.66666667           1
     6388.66666667      6616.83333333           2
     6616.83333333      6845.00000000           1
