Supplementary Ion-493 nm photon XX phase compensation comparison

No compensation
AOM_phase_deg ion_rotation_deg arrival_ns left_ns right_ns shots mean lower_error upper_error displayed
0.00000000 0.00000000 2.00000000 0.00000000 4.00000000 0 nan 0.49385193 0.49675610 0
0.00000000 0.00000000 6.00000000 4.00000000 8.00000000 64 -0.18750000 0.11994240 0.11919078 1
0.00000000 0.00000000 10.00000000 8.00000000 12.00000000 193 -0.66839378 0.05382218 0.05349243 1
0.00000000 0.00000000 14.00000000 12.00000000 16.00000000 229 -0.73799127 0.04481401 0.04495423 1
0.00000000 0.00000000 18.00000000 16.00000000 20.00000000 244 -0.90163934 0.02918232 0.02920052 1
0.00000000 0.00000000 22.00000000 20.00000000 24.00000000 107 -0.90654206 0.04547797 0.04542042 1
0.00000000 0.00000000 26.00000000 24.00000000 28.00000000 58 -1.00000000 0.04113819 0.04168815 1
0.00000000 0.00000000 30.00000000 28.00000000 32.00000000 39 -0.84615385 0.09498261 0.09544838 1
0.00000000 0.00000000 34.00000000 32.00000000 36.00000000 26 -0.76923077 0.13328922 0.13413284 1
0.00000000 0.00000000 38.00000000 36.00000000 40.00000000 20 -0.50000000 0.18525591 0.18564250 1
0.00000000 0.00000000 42.00000000 40.00000000 44.00000000 13 -0.53846154 0.21927787 0.21992956 1
0.00000000 0.00000000 46.00000000 44.00000000 48.00000000 7 -0.14285714 0.30157187 0.30158308 0
12.85714286 25.71428571 2.00000000 0.00000000 4.00000000 0 nan 0.49702589 0.49787315 0
12.85714286 25.71428571 6.00000000 4.00000000 8.00000000 74 0.16216216 0.11141410 0.11199517 1
12.85714286 25.71428571 10.00000000 8.00000000 12.00000000 175 -0.02857143 0.07477988 0.07458345 1
12.85714286 25.71428571 14.00000000 12.00000000 16.00000000 238 -0.48739496 0.05646932 0.05651140 1
12.85714286 25.71428571 18.00000000 16.00000000 20.00000000 209 -0.64593301 0.05314746 0.05315823 1
12.85714286 25.71428571 22.00000000 20.00000000 24.00000000 125 -0.85600000 0.04894684 0.04883437 1
12.85714286 25.71428571 26.00000000 24.00000000 28.00000000 83 -0.85542169 0.06096215 0.06111670 1
12.85714286 25.71428571 30.00000000 28.00000000 32.00000000 44 -0.95454545 0.06664978 0.06718904 1
12.85714286 25.71428571 34.00000000 32.00000000 36.00000000 24 -0.83333333 0.12847607 0.12990552 1
12.85714286 25.71428571 38.00000000 36.00000000 40.00000000 21 -0.71428571 0.15755694 0.15831834 1
12.85714286 25.71428571 42.00000000 40.00000000 44.00000000 6 -0.33333333 0.30729669 0.30950174 0
12.85714286 25.71428571 46.00000000 44.00000000 48.00000000 1 -1.00000000 0.42970444 0.43867734 0
25.71428571 51.42857143 2.00000000 0.00000000 4.00000000 2 1.00000000 0.38175247 0.37183191 0
25.71428571 51.42857143 6.00000000 4.00000000 8.00000000 77 0.50649351 0.09666824 0.09688544 1
25.71428571 51.42857143 10.00000000 8.00000000 12.00000000 167 0.16167665 0.07562885 0.07544963 1
25.71428571 51.42857143 14.00000000 12.00000000 16.00000000 219 0.02283105 0.06690618 0.06666189 1
25.71428571 51.42857143 18.00000000 16.00000000 20.00000000 217 -0.36405530 0.06258877 0.06230615 1
25.71428571 51.42857143 22.00000000 20.00000000 24.00000000 116 -0.39655172 0.08412755 0.08428605 1
25.71428571 51.42857143 26.00000000 24.00000000 28.00000000 88 -0.81818182 0.06377359 0.06410831 1
25.71428571 51.42857143 30.00000000 28.00000000 32.00000000 45 -0.82222222 0.09163890 0.09155317 1
25.71428571 51.42857143 34.00000000 32.00000000 36.00000000 27 -0.85185185 0.11653888 0.11712780 1
25.71428571 51.42857143 38.00000000 36.00000000 40.00000000 22 -1.00000000 0.09700918 0.09869336 1
25.71428571 51.42857143 42.00000000 40.00000000 44.00000000 12 -1.00000000 0.15443127 0.15745587 1
25.71428571 51.42857143 46.00000000 44.00000000 48.00000000 8 -1.00000000 0.20130109 0.20701595 0
38.57142857 77.14285714 2.00000000 0.00000000 4.00000000 0 nan 0.49483248 0.49548510 0
38.57142857 77.14285714 6.00000000 4.00000000 8.00000000 72 0.63888889 0.09036047 0.09008758 1
38.57142857 77.14285714 10.00000000 8.00000000 12.00000000 167 0.53293413 0.06500113 0.06499516 1
38.57142857 77.14285714 14.00000000 12.00000000 16.00000000 200 0.32000000 0.06657441 0.06656407 1
38.57142857 77.14285714 18.00000000 16.00000000 20.00000000 218 0.13761468 0.06662332 0.06661309 1
38.57142857 77.14285714 22.00000000 20.00000000 24.00000000 141 -0.23404255 0.08119497 0.08080577 1
38.57142857 77.14285714 26.00000000 24.00000000 28.00000000 88 -0.25000000 0.10120079 0.10070863 1
38.57142857 77.14285714 30.00000000 28.00000000 32.00000000 58 -0.13793103 0.12611835 0.12580578 1
38.57142857 77.14285714 34.00000000 32.00000000 36.00000000 26 -0.61538462 0.15248129 0.15383080 1
38.57142857 77.14285714 38.00000000 36.00000000 40.00000000 23 -1.00000000 0.09402529 0.09550584 1
38.57142857 77.14285714 42.00000000 40.00000000 44.00000000 7 -0.71428571 0.26195308 0.26604395 0
38.57142857 77.14285714 46.00000000 44.00000000 48.00000000 0 nan 0.49452127 0.49677719 0
51.42857143 102.85714286 2.00000000 0.00000000 4.00000000 0 nan 0.49665977 0.49335997 0
51.42857143 102.85714286 6.00000000 4.00000000 8.00000000 67 0.94029851 0.05297818 0.05264921 1
51.42857143 102.85714286 10.00000000 8.00000000 12.00000000 172 0.81395349 0.04538585 0.04544201 1
51.42857143 102.85714286 14.00000000 12.00000000 16.00000000 243 0.58024691 0.05215582 0.05209578 1
51.42857143 102.85714286 18.00000000 16.00000000 20.00000000 220 0.56363636 0.05547591 0.05549131 1
51.42857143 102.85714286 22.00000000 20.00000000 24.00000000 121 0.37190083 0.08281108 0.08265916 1
51.42857143 102.85714286 26.00000000 24.00000000 28.00000000 72 0.05555556 0.11452015 0.11500126 1
51.42857143 102.85714286 30.00000000 28.00000000 32.00000000 50 -0.24000000 0.13180471 0.13200448 1
51.42857143 102.85714286 34.00000000 32.00000000 36.00000000 24 -0.33333333 0.18011159 0.18014778 1
51.42857143 102.85714286 38.00000000 36.00000000 40.00000000 17 -0.05882353 0.21792358 0.21790824 1
51.42857143 102.85714286 42.00000000 40.00000000 44.00000000 7 -1.00000000 0.22034248 0.22540521 0
51.42857143 102.85714286 46.00000000 44.00000000 48.00000000 7 -1.00000000 0.21966732 0.22417196 0
64.28571429 128.57142857 2.00000000 0.00000000 4.00000000 1 -1.00000000 0.42702333 0.43533062 0
64.28571429 128.57142857 6.00000000 4.00000000 8.00000000 74 0.89189189 0.05899078 0.05863377 1
64.28571429 128.57142857 10.00000000 8.00000000 12.00000000 157 0.93630573 0.03134237 0.03149272 1
64.28571429 128.57142857 14.00000000 12.00000000 16.00000000 233 0.88841202 0.03115509 0.03122769 1
64.28571429 128.57142857 18.00000000 16.00000000 20.00000000 218 0.79816514 0.04174748 0.04153536 1
64.28571429 128.57142857 22.00000000 20.00000000 24.00000000 120 0.73333333 0.06259595 0.06299534 1
64.28571429 128.57142857 26.00000000 24.00000000 28.00000000 87 0.60919540 0.08487792 0.08485125 1
64.28571429 128.57142857 30.00000000 28.00000000 32.00000000 50 0.16000000 0.13402168 0.13433906 1
64.28571429 128.57142857 34.00000000 32.00000000 36.00000000 25 0.04000000 0.18587827 0.18623403 1
64.28571429 128.57142857 38.00000000 36.00000000 40.00000000 19 -0.26315789 0.20275953 0.20395044 1
64.28571429 128.57142857 42.00000000 40.00000000 44.00000000 9 -0.33333333 0.26943009 0.27043353 0
64.28571429 128.57142857 46.00000000 44.00000000 48.00000000 7 -0.42857143 0.28699550 0.29068050 0
77.14285714 154.28571429 2.00000000 0.00000000 4.00000000 1 -1.00000000 0.43002288 0.43835759 0
77.14285714 154.28571429 6.00000000 4.00000000 8.00000000 65 0.53846154 0.10301443 0.10263301 1
77.14285714 154.28571429 10.00000000 8.00000000 12.00000000 192 0.89583333 0.03389482 0.03369330 1
77.14285714 154.28571429 14.00000000 12.00000000 16.00000000 238 0.89075630 0.03069238 0.03066919 1
77.14285714 154.28571429 18.00000000 16.00000000 20.00000000 179 0.97765363 0.02082637 0.02065354 1
77.14285714 154.28571429 22.00000000 20.00000000 24.00000000 141 0.81560284 0.05049106 0.05032321 1
77.14285714 154.28571429 26.00000000 24.00000000 28.00000000 80 0.75000000 0.07558083 0.07534778 1
77.14285714 154.28571429 30.00000000 28.00000000 32.00000000 40 0.60000000 0.12567872 0.12576336 1
77.14285714 154.28571429 34.00000000 32.00000000 36.00000000 28 0.35714286 0.16803562 0.16762411 1
77.14285714 154.28571429 38.00000000 36.00000000 40.00000000 23 0.13043478 0.19106333 0.19017812 1
77.14285714 154.28571429 42.00000000 40.00000000 44.00000000 10 -0.20000000 0.26489862 0.26489491 1
77.14285714 154.28571429 46.00000000 44.00000000 48.00000000 3 -0.33333333 0.37078807 0.37108929 0
90.00000000 180.00000000 2.00000000 0.00000000 4.00000000 0 nan 0.49456357 0.49583279 0
90.00000000 180.00000000 6.00000000 4.00000000 8.00000000 75 0.41333333 0.10297538 0.10271917 1
90.00000000 180.00000000 10.00000000 8.00000000 12.00000000 171 0.52046784 0.06511574 0.06535168 1
90.00000000 180.00000000 14.00000000 12.00000000 16.00000000 250 0.82400000 0.03648168 0.03631523 1
90.00000000 180.00000000 18.00000000 16.00000000 20.00000000 197 0.85786802 0.03780663 0.03769382 1
90.00000000 180.00000000 22.00000000 20.00000000 24.00000000 129 0.93798450 0.03507049 0.03503436 1
90.00000000 180.00000000 26.00000000 24.00000000 28.00000000 85 0.92941176 0.04750095 0.04737512 1
90.00000000 180.00000000 30.00000000 28.00000000 32.00000000 37 0.94594595 0.07827314 0.07763806 1
90.00000000 180.00000000 34.00000000 32.00000000 36.00000000 25 0.76000000 0.13770335 0.13785738 1
90.00000000 180.00000000 38.00000000 36.00000000 40.00000000 16 0.12500000 0.22396358 0.22164549 1
90.00000000 180.00000000 42.00000000 40.00000000 44.00000000 7 -0.14285714 0.29804700 0.29900775 0
90.00000000 180.00000000 46.00000000 44.00000000 48.00000000 8 0.25000000 0.28483249 0.28270007 0
102.85714286 205.71428571 2.00000000 0.00000000 4.00000000 2 0.00000000 0.40422696 0.40894467 0
102.85714286 205.71428571 6.00000000 4.00000000 8.00000000 67 -0.07462687 0.11818661 0.11827992 1
102.85714286 205.71428571 10.00000000 8.00000000 12.00000000 159 0.24528302 0.07647003 0.07591524 1
102.85714286 205.71428571 14.00000000 12.00000000 16.00000000 249 0.43775100 0.05665353 0.05650880 1
102.85714286 205.71428571 18.00000000 16.00000000 20.00000000 228 0.71929825 0.04621675 0.04642937 1
102.85714286 205.71428571 22.00000000 20.00000000 24.00000000 129 0.75193798 0.05922817 0.05886056 1
102.85714286 205.71428571 26.00000000 24.00000000 28.00000000 67 0.97014925 0.04552210 0.04529039 1
102.85714286 205.71428571 30.00000000 28.00000000 32.00000000 47 1.00000000 0.05072142 0.05001201 1
102.85714286 205.71428571 34.00000000 32.00000000 36.00000000 23 0.82608696 0.13494335 0.13310646 1
102.85714286 205.71428571 38.00000000 36.00000000 40.00000000 15 1.00000000 0.13492630 0.13189170 1
102.85714286 205.71428571 42.00000000 40.00000000 44.00000000 7 0.71428571 0.26430186 0.26200452 0
102.85714286 205.71428571 46.00000000 44.00000000 48.00000000 7 0.71428571 0.26493826 0.26026651 0
115.71428571 231.42857143 2.00000000 0.00000000 4.00000000 3 -0.33333333 0.37148454 0.37451312 0
115.71428571 231.42857143 6.00000000 4.00000000 8.00000000 77 -0.37662338 0.10383282 0.10357611 1
115.71428571 231.42857143 10.00000000 8.00000000 12.00000000 177 -0.07344633 0.07476811 0.07455793 1
115.71428571 231.42857143 14.00000000 12.00000000 16.00000000 239 0.08786611 0.06392908 0.06406582 1
115.71428571 231.42857143 18.00000000 16.00000000 20.00000000 204 0.27450980 0.06688805 0.06690471 1
115.71428571 231.42857143 22.00000000 20.00000000 24.00000000 113 0.66371681 0.07096842 0.07091363 1
115.71428571 231.42857143 26.00000000 24.00000000 28.00000000 73 0.80821918 0.07233255 0.07202167 1
115.71428571 231.42857143 30.00000000 28.00000000 32.00000000 47 0.91489362 0.07251855 0.07281125 1
115.71428571 231.42857143 34.00000000 32.00000000 36.00000000 31 0.93548387 0.09057226 0.08985630 1
115.71428571 231.42857143 38.00000000 36.00000000 40.00000000 19 0.89473684 0.13639825 0.13407704 1
115.71428571 231.42857143 42.00000000 40.00000000 44.00000000 11 0.81818182 0.20316721 0.20035584 1
115.71428571 231.42857143 46.00000000 44.00000000 48.00000000 6 1.00000000 0.24502058 0.23970427 0
128.57142857 257.14285714 2.00000000 0.00000000 4.00000000 2 0.00000000 0.40591551 0.40627354 0
128.57142857 257.14285714 6.00000000 4.00000000 8.00000000 86 -0.72093023 0.07556603 0.07544048 1
128.57142857 257.14285714 10.00000000 8.00000000 12.00000000 190 -0.55789474 0.05998493 0.05993569 1
128.57142857 257.14285714 14.00000000 12.00000000 16.00000000 222 -0.33333333 0.06278981 0.06292917 1
128.57142857 257.14285714 18.00000000 16.00000000 20.00000000 214 -0.15887850 0.06667445 0.06667469 1
128.57142857 257.14285714 22.00000000 20.00000000 24.00000000 122 0.22950820 0.08624538 0.08676261 1
128.57142857 257.14285714 26.00000000 24.00000000 28.00000000 67 0.22388060 0.11594978 0.11626562 1
128.57142857 257.14285714 30.00000000 28.00000000 32.00000000 45 0.64444444 0.11464910 0.11461925 1
128.57142857 257.14285714 34.00000000 32.00000000 36.00000000 22 0.63636364 0.16415688 0.16271386 1
128.57142857 257.14285714 38.00000000 36.00000000 40.00000000 13 0.84615385 0.17973132 0.17850156 1
128.57142857 257.14285714 42.00000000 40.00000000 44.00000000 10 0.80000000 0.21510764 0.21288951 1
128.57142857 257.14285714 46.00000000 44.00000000 48.00000000 7 1.00000000 0.22400456 0.22027031 0
141.42857143 282.85714286 2.00000000 0.00000000 4.00000000 1 1.00000000 0.43596795 0.42966740 0
141.42857143 282.85714286 6.00000000 4.00000000 8.00000000 72 -0.69444444 0.08554286 0.08573772 1
141.42857143 282.85714286 10.00000000 8.00000000 12.00000000 165 -0.73333333 0.05346224 0.05326557 1
141.42857143 282.85714286 14.00000000 12.00000000 16.00000000 226 -0.67256637 0.04942549 0.04952576 1
141.42857143 282.85714286 18.00000000 16.00000000 20.00000000 208 -0.60576923 0.05508687 0.05526023 1
141.42857143 282.85714286 22.00000000 20.00000000 24.00000000 127 -0.32283465 0.08310609 0.08309711 1
141.42857143 282.85714286 26.00000000 24.00000000 28.00000000 91 -0.14285714 0.10149649 0.10189036 1
141.42857143 282.85714286 30.00000000 28.00000000 32.00000000 43 0.16279070 0.14447445 0.14444032 1
141.42857143 282.85714286 34.00000000 32.00000000 36.00000000 30 0.46666667 0.15651676 0.15619186 1
141.42857143 282.85714286 38.00000000 36.00000000 40.00000000 17 0.88235294 0.14860531 0.14616242 1
141.42857143 282.85714286 42.00000000 40.00000000 44.00000000 10 0.80000000 0.21442793 0.21198128 1
141.42857143 282.85714286 46.00000000 44.00000000 48.00000000 10 1.00000000 0.17898793 0.17605301 1
154.28571429 308.57142857 2.00000000 0.00000000 4.00000000 1 -1.00000000 0.42877639 0.43667099 0
154.28571429 308.57142857 6.00000000 4.00000000 8.00000000 77 -0.87012987 0.06124941 0.06148303 1
154.28571429 308.57142857 10.00000000 8.00000000 12.00000000 165 -0.87878788 0.03915981 0.03933603 1
154.28571429 308.57142857 14.00000000 12.00000000 16.00000000 248 -0.88709677 0.03043067 0.03045779 1
154.28571429 308.57142857 18.00000000 16.00000000 20.00000000 207 -0.80676329 0.04169828 0.04183433 1
154.28571429 308.57142857 22.00000000 20.00000000 24.00000000 119 -0.76470588 0.06020770 0.06030009 1
154.28571429 308.57142857 26.00000000 24.00000000 28.00000000 82 -0.60975610 0.08768853 0.08759408 1
154.28571429 308.57142857 30.00000000 28.00000000 32.00000000 43 -0.16279070 0.14496942 0.14456165 1
154.28571429 308.57142857 34.00000000 32.00000000 36.00000000 28 0.07142857 0.17633417 0.17652448 1
154.28571429 308.57142857 38.00000000 36.00000000 40.00000000 15 0.33333333 0.22002079 0.22082976 1
154.28571429 308.57142857 42.00000000 40.00000000 44.00000000 11 0.63636364 0.22636749 0.22389354 1
154.28571429 308.57142857 46.00000000 44.00000000 48.00000000 4 0.00000000 0.35295096 0.35281559 0
167.14285714 334.28571429 2.00000000 0.00000000 4.00000000 2 0.00000000 0.40722540 0.40694092 0
167.14285714 334.28571429 6.00000000 4.00000000 8.00000000 59 -0.69491525 0.09460476 0.09475714 1
167.14285714 334.28571429 10.00000000 8.00000000 12.00000000 178 -0.80898876 0.04529102 0.04503468 1
167.14285714 334.28571429 14.00000000 12.00000000 16.00000000 235 -0.88936170 0.03087893 0.03096098 1
167.14285714 334.28571429 18.00000000 16.00000000 20.00000000 195 -0.94871795 0.02554011 0.02547642 1
167.14285714 334.28571429 22.00000000 20.00000000 24.00000000 134 -0.85074627 0.04737298 0.04726415 1
167.14285714 334.28571429 26.00000000 24.00000000 28.00000000 82 -0.78048780 0.07159882 0.07186824 1
167.14285714 334.28571429 30.00000000 28.00000000 32.00000000 41 -0.65853659 0.11801979 0.11807563 1
167.14285714 334.28571429 34.00000000 32.00000000 36.00000000 33 -0.51515152 0.14556630 0.14583770 1
167.14285714 334.28571429 38.00000000 36.00000000 40.00000000 30 -0.33333333 0.16370022 0.16435559 1
167.14285714 334.28571429 42.00000000 40.00000000 44.00000000 5 0.60000000 0.31233031 0.30857472 0
167.14285714 334.28571429 46.00000000 44.00000000 48.00000000 6 0.33333333 0.30885910 0.30815879 0
180.00000000 360.00000000 2.00000000 0.00000000 4.00000000 1 -1.00000000 0.43039589 0.43716247 0
180.00000000 360.00000000 6.00000000 4.00000000 8.00000000 67 -0.31343284 0.11301862 0.11367627 1
180.00000000 360.00000000 10.00000000 8.00000000 12.00000000 184 -0.50000000 0.06360805 0.06384178 1
180.00000000 360.00000000 14.00000000 12.00000000 16.00000000 234 -0.80341880 0.03955626 0.03933471 1
180.00000000 360.00000000 18.00000000 16.00000000 20.00000000 181 -0.88950276 0.03565963 0.03575225 1
180.00000000 360.00000000 22.00000000 20.00000000 24.00000000 127 -0.96850394 0.02882242 0.02891201 1
180.00000000 360.00000000 26.00000000 24.00000000 28.00000000 94 -0.95744681 0.03858754 0.03864471 1
180.00000000 360.00000000 30.00000000 28.00000000 32.00000000 48 -0.79166667 0.09334243 0.09388140 1
180.00000000 360.00000000 34.00000000 32.00000000 36.00000000 30 -0.66666667 0.13719319 0.13803063 1
180.00000000 360.00000000 38.00000000 36.00000000 40.00000000 11 0.09090909 0.25677763 0.25722994 1
180.00000000 360.00000000 42.00000000 40.00000000 44.00000000 17 -0.29411765 0.21155627 0.21158406 1
180.00000000 360.00000000 46.00000000 44.00000000 48.00000000 6 -0.33333333 0.30941579 0.30952861 0

Compensation
AOM_phase_deg ion_rotation_deg arrival_ns left_ns right_ns shots mean lower_error upper_error displayed
0.00000000 0.00000000 2.00000000 0.00000000 4.00000000 3 0.33333333 0.37346614 0.37066246 0
0.00000000 0.00000000 6.00000000 4.00000000 8.00000000 75 0.28000000 0.10896253 0.10873241 1
0.00000000 0.00000000 10.00000000 8.00000000 12.00000000 164 0.04878049 0.07707742 0.07705650 1
0.00000000 0.00000000 14.00000000 12.00000000 16.00000000 269 0.15985130 0.06013540 0.05976340 1
0.00000000 0.00000000 18.00000000 16.00000000 20.00000000 180 0.18888889 0.07264638 0.07209118 1
0.00000000 0.00000000 22.00000000 20.00000000 24.00000000 118 0.20338983 0.08855910 0.08884750 1
0.00000000 0.00000000 26.00000000 24.00000000 28.00000000 83 0.10843373 0.10670484 0.10682103 1
0.00000000 0.00000000 30.00000000 28.00000000 32.00000000 48 0.20833333 0.13644699 0.13594463 1
0.00000000 0.00000000 34.00000000 32.00000000 36.00000000 27 -0.11111111 0.17858987 0.17926549 1
0.00000000 0.00000000 38.00000000 36.00000000 40.00000000 16 0.62500000 0.19217472 0.19121461 1
0.00000000 0.00000000 42.00000000 40.00000000 44.00000000 10 0.20000000 0.26396592 0.26266200 1
0.00000000 0.00000000 46.00000000 44.00000000 48.00000000 7 0.42857143 0.28912607 0.28763398 0
12.85714286 25.71428571 2.00000000 0.00000000 4.00000000 1 -1.00000000 0.43034505 0.43751728 0
12.85714286 25.71428571 6.00000000 4.00000000 8.00000000 63 -0.30158730 0.11708767 0.11730368 1
12.85714286 25.71428571 10.00000000 8.00000000 12.00000000 191 -0.17277487 0.07045458 0.07068611 1
12.85714286 25.71428571 14.00000000 12.00000000 16.00000000 255 -0.25490196 0.06028265 0.06051331 1
12.85714286 25.71428571 18.00000000 16.00000000 20.00000000 203 -0.20197044 0.06804653 0.06825420 1
12.85714286 25.71428571 22.00000000 20.00000000 24.00000000 127 -0.18110236 0.08613892 0.08626066 1
12.85714286 25.71428571 26.00000000 24.00000000 28.00000000 72 -0.36111111 0.10784092 0.10737385 1
12.85714286 25.71428571 30.00000000 28.00000000 32.00000000 39 -0.23076923 0.14875508 0.14871709 1
12.85714286 25.71428571 34.00000000 32.00000000 36.00000000 23 -0.21739130 0.18940760 0.18914125 1
12.85714286 25.71428571 38.00000000 36.00000000 40.00000000 7 0.14285714 0.29999008 0.29949850 0
12.85714286 25.71428571 42.00000000 40.00000000 44.00000000 14 -0.28571429 0.22737306 0.22957768 1
12.85714286 25.71428571 46.00000000 44.00000000 48.00000000 5 -0.20000000 0.32819926 0.32943470 0
25.71428571 51.42857143 2.00000000 0.00000000 4.00000000 2 0.00000000 0.40732519 0.40664071 0
25.71428571 51.42857143 6.00000000 4.00000000 8.00000000 76 -0.73684211 0.07948057 0.07947769 1
25.71428571 51.42857143 10.00000000 8.00000000 12.00000000 163 -0.36196319 0.07225953 0.07230539 1
25.71428571 51.42857143 14.00000000 12.00000000 16.00000000 223 -0.51569507 0.05710170 0.05713778 1
25.71428571 51.42857143 18.00000000 16.00000000 20.00000000 208 -0.58653846 0.05618157 0.05613237 1
25.71428571 51.42857143 22.00000000 20.00000000 24.00000000 126 -0.65079365 0.06764737 0.06773523 1
25.71428571 51.42857143 26.00000000 24.00000000 28.00000000 87 -0.60919540 0.08483818 0.08502645 1
25.71428571 51.42857143 30.00000000 28.00000000 32.00000000 43 -0.34883721 0.13848559 0.13878927 1
25.71428571 51.42857143 34.00000000 32.00000000 36.00000000 27 -0.55555556 0.15560590 0.15605709 1
25.71428571 51.42857143 38.00000000 36.00000000 40.00000000 20 -0.80000000 0.14819717 0.14913066 1
25.71428571 51.42857143 42.00000000 40.00000000 44.00000000 14 -0.42857143 0.22016667 0.22071417 1
25.71428571 51.42857143 46.00000000 44.00000000 48.00000000 11 -0.81818182 0.19995865 0.20268982 1
38.57142857 77.14285714 2.00000000 0.00000000 4.00000000 1 -1.00000000 0.42841085 0.43536759 0
38.57142857 77.14285714 6.00000000 4.00000000 8.00000000 58 -0.96551724 0.05181122 0.05173058 1
38.57142857 77.14285714 10.00000000 8.00000000 12.00000000 148 -0.89189189 0.03963670 0.03976842 1
38.57142857 77.14285714 14.00000000 12.00000000 16.00000000 235 -0.85531915 0.03474457 0.03470484 1
38.57142857 77.14285714 18.00000000 16.00000000 20.00000000 222 -0.86486486 0.03468048 0.03464761 1
38.57142857 77.14285714 22.00000000 20.00000000 24.00000000 130 -0.89230769 0.04252769 0.04243799 1
38.57142857 77.14285714 26.00000000 24.00000000 28.00000000 86 -0.79069767 0.06857925 0.06889970 1
38.57142857 77.14285714 30.00000000 28.00000000 32.00000000 48 -0.91666667 0.07128025 0.07145646 1
38.57142857 77.14285714 34.00000000 32.00000000 36.00000000 29 -0.79310345 0.12249594 0.12300518 1
38.57142857 77.14285714 38.00000000 36.00000000 40.00000000 24 -0.83333333 0.12820931 0.12917143 1
38.57142857 77.14285714 42.00000000 40.00000000 44.00000000 11 -1.00000000 0.16412870 0.16625045 1
38.57142857 77.14285714 46.00000000 44.00000000 48.00000000 8 -1.00000000 0.20314453 0.20726857 0
51.42857143 102.85714286 2.00000000 0.00000000 4.00000000 0 nan 0.49698124 0.49454021 0
51.42857143 102.85714286 6.00000000 4.00000000 8.00000000 75 -0.81333333 0.07055722 0.07083068 1
51.42857143 102.85714286 10.00000000 8.00000000 12.00000000 189 -0.94708995 0.02636022 0.02643947 1
51.42857143 102.85714286 14.00000000 12.00000000 16.00000000 221 -0.95475113 0.02274117 0.02274908 1
51.42857143 102.85714286 18.00000000 16.00000000 20.00000000 195 -0.97948718 0.01905461 0.01910706 1
51.42857143 102.85714286 22.00000000 20.00000000 24.00000000 129 -0.96899225 0.02841401 0.02870248 1
51.42857143 102.85714286 26.00000000 24.00000000 28.00000000 92 -1.00000000 0.02685951 0.02686255 1
51.42857143 102.85714286 30.00000000 28.00000000 32.00000000 42 -1.00000000 0.05507096 0.05590523 1
51.42857143 102.85714286 34.00000000 32.00000000 36.00000000 30 -0.86666667 0.10758235 0.10812545 1
51.42857143 102.85714286 38.00000000 36.00000000 40.00000000 15 -1.00000000 0.13150530 0.13442709 1
51.42857143 102.85714286 42.00000000 40.00000000 44.00000000 7 -1.00000000 0.21929444 0.22413847 0
51.42857143 102.85714286 46.00000000 44.00000000 48.00000000 5 -1.00000000 0.26464163 0.27037612 0
64.28571429 128.57142857 2.00000000 0.00000000 4.00000000 1 -1.00000000 0.42951595 0.43536185 0
64.28571429 128.57142857 6.00000000 4.00000000 8.00000000 75 -0.92000000 0.05327357 0.05345913 1
64.28571429 128.57142857 10.00000000 8.00000000 12.00000000 188 -0.79787234 0.04465865 0.04473012 1
64.28571429 128.57142857 14.00000000 12.00000000 16.00000000 226 -0.81415929 0.03930768 0.03943673 1
64.28571429 128.57142857 18.00000000 16.00000000 20.00000000 192 -0.78125000 0.04608402 0.04595813 1
64.28571429 128.57142857 22.00000000 20.00000000 24.00000000 117 -0.86324786 0.04942132 0.04983658 1
64.28571429 128.57142857 26.00000000 24.00000000 28.00000000 103 -0.74757282 0.06640400 0.06678582 1
64.28571429 128.57142857 30.00000000 28.00000000 32.00000000 41 -0.85365854 0.09101567 0.09141112 1
64.28571429 128.57142857 34.00000000 32.00000000 36.00000000 34 -0.82352941 0.10703111 0.10727699 1
64.28571429 128.57142857 38.00000000 36.00000000 40.00000000 12 -0.83333333 0.18882558 0.19100568 1
64.28571429 128.57142857 42.00000000 40.00000000 44.00000000 10 -0.80000000 0.21307924 0.21496484 1
64.28571429 128.57142857 46.00000000 44.00000000 48.00000000 1 -1.00000000 0.42923520 0.43831706 0
77.14285714 154.28571429 2.00000000 0.00000000 4.00000000 0 nan 0.49594561 0.49403485 0
77.14285714 154.28571429 6.00000000 4.00000000 8.00000000 72 -0.52777778 0.09919150 0.09917250 1
77.14285714 154.28571429 10.00000000 8.00000000 12.00000000 172 -0.53488372 0.06422125 0.06410333 1
77.14285714 154.28571429 14.00000000 12.00000000 16.00000000 256 -0.57812500 0.05110766 0.05097183 1
77.14285714 154.28571429 18.00000000 16.00000000 20.00000000 193 -0.53367876 0.06072663 0.06031828 1
77.14285714 154.28571429 22.00000000 20.00000000 24.00000000 125 -0.63200000 0.06920470 0.06917251 1
77.14285714 154.28571429 26.00000000 24.00000000 28.00000000 75 -0.73333333 0.08010441 0.08030142 1
77.14285714 154.28571429 30.00000000 28.00000000 32.00000000 46 -0.60869565 0.11659616 0.11644546 1
77.14285714 154.28571429 34.00000000 32.00000000 36.00000000 28 -0.42857143 0.16384981 0.16307307 1
77.14285714 154.28571429 38.00000000 36.00000000 40.00000000 19 -0.89473684 0.13427784 0.13537472 1
77.14285714 154.28571429 42.00000000 40.00000000 44.00000000 9 -0.77777778 0.22808294 0.23052392 0
77.14285714 154.28571429 46.00000000 44.00000000 48.00000000 5 -0.20000000 0.33152941 0.33146720 0
90.00000000 180.00000000 2.00000000 0.00000000 4.00000000 1 -1.00000000 0.42981101 0.43771046 0
90.00000000 180.00000000 6.00000000 4.00000000 8.00000000 83 -0.06024096 0.10707640 0.10684653 1
90.00000000 180.00000000 10.00000000 8.00000000 12.00000000 164 -0.15853659 0.07589717 0.07610401 1
90.00000000 180.00000000 14.00000000 12.00000000 16.00000000 225 -0.12000000 0.06567864 0.06597546 1
90.00000000 180.00000000 18.00000000 16.00000000 20.00000000 194 -0.25773196 0.06842881 0.06853576 1
90.00000000 180.00000000 22.00000000 20.00000000 24.00000000 138 -0.30434783 0.08022617 0.08055692 1
90.00000000 180.00000000 26.00000000 24.00000000 28.00000000 95 -0.20000000 0.09908296 0.09878091 1
90.00000000 180.00000000 30.00000000 28.00000000 32.00000000 46 -0.30434783 0.13509108 0.13537989 1
90.00000000 180.00000000 34.00000000 32.00000000 36.00000000 15 -0.33333333 0.21925975 0.22095088 1
90.00000000 180.00000000 38.00000000 36.00000000 40.00000000 12 -0.16666667 0.24827477 0.24797373 1
90.00000000 180.00000000 42.00000000 40.00000000 44.00000000 12 -0.00000000 0.24968941 0.24973777 1
90.00000000 180.00000000 46.00000000 44.00000000 48.00000000 15 -0.06666667 0.22864693 0.22780824 1
102.85714286 205.71428571 2.00000000 0.00000000 4.00000000 2 0.00000000 0.40744298 0.40667307 0
102.85714286 205.71428571 6.00000000 4.00000000 8.00000000 78 0.20512821 0.10785039 0.10819358 1
102.85714286 205.71428571 10.00000000 8.00000000 12.00000000 163 0.22699387 0.07535712 0.07545144 1
102.85714286 205.71428571 14.00000000 12.00000000 16.00000000 246 0.12195122 0.06281789 0.06277763 1
102.85714286 205.71428571 18.00000000 16.00000000 20.00000000 193 0.10880829 0.07043505 0.07073706 1
102.85714286 205.71428571 22.00000000 20.00000000 24.00000000 125 0.16800000 0.08617520 0.08644949 1
102.85714286 205.71428571 26.00000000 24.00000000 28.00000000 76 0.10526316 0.11110483 0.11119248 1
102.85714286 205.71428571 30.00000000 28.00000000 32.00000000 48 0.20833333 0.13654071 0.13583317 1
102.85714286 205.71428571 34.00000000 32.00000000 36.00000000 33 0.45454545 0.15044242 0.14978344 1
102.85714286 205.71428571 38.00000000 36.00000000 40.00000000 22 0.27272727 0.19066601 0.19071450 1
102.85714286 205.71428571 42.00000000 40.00000000 44.00000000 11 0.27272727 0.25035857 0.25147221 1
102.85714286 205.71428571 46.00000000 44.00000000 48.00000000 3 -0.33333333 0.37047874 0.37521555 0
115.71428571 231.42857143 2.00000000 0.00000000 4.00000000 2 0.00000000 0.40672133 0.40780287 0
115.71428571 231.42857143 6.00000000 4.00000000 8.00000000 68 0.35294118 0.11113110 0.11171776 1
115.71428571 231.42857143 10.00000000 8.00000000 12.00000000 156 0.64102564 0.06191971 0.06196846 1
115.71428571 231.42857143 14.00000000 12.00000000 16.00000000 234 0.67521368 0.04846823 0.04821529 1
115.71428571 231.42857143 18.00000000 16.00000000 20.00000000 222 0.46846847 0.05919316 0.05890714 1
115.71428571 231.42857143 22.00000000 20.00000000 24.00000000 126 0.66666667 0.06638099 0.06600656 1
115.71428571 231.42857143 26.00000000 24.00000000 28.00000000 89 0.66292135 0.08015011 0.08006868 1
115.71428571 231.42857143 30.00000000 28.00000000 32.00000000 46 0.52173913 0.12436350 0.12366880 1
115.71428571 231.42857143 34.00000000 32.00000000 36.00000000 24 0.83333333 0.12845249 0.12786242 1
115.71428571 231.42857143 38.00000000 36.00000000 40.00000000 15 0.46666667 0.21380322 0.21229374 1
115.71428571 231.42857143 42.00000000 40.00000000 44.00000000 14 0.57142857 0.20915072 0.20928607 1
115.71428571 231.42857143 46.00000000 44.00000000 48.00000000 4 0.00000000 0.35216705 0.35073889 0
128.57142857 257.14285714 2.00000000 0.00000000 4.00000000 1 -1.00000000 0.43021298 0.43833575 0
128.57142857 257.14285714 6.00000000 4.00000000 8.00000000 81 0.82716049 0.06615050 0.06581216 1
128.57142857 257.14285714 10.00000000 8.00000000 12.00000000 157 0.82165605 0.04679581 0.04690530 1
128.57142857 257.14285714 14.00000000 12.00000000 16.00000000 251 0.88047809 0.03090359 0.03087663 1
128.57142857 257.14285714 18.00000000 16.00000000 20.00000000 189 0.84126984 0.04054673 0.04038749 1
128.57142857 257.14285714 22.00000000 20.00000000 24.00000000 139 0.79856115 0.05244903 0.05239521 1
128.57142857 257.14285714 26.00000000 24.00000000 28.00000000 73 0.80821918 0.07248402 0.07258938 1
128.57142857 257.14285714 30.00000000 28.00000000 32.00000000 49 0.83673469 0.08571341 0.08510756 1
128.57142857 257.14285714 34.00000000 32.00000000 36.00000000 25 0.84000000 0.12436857 0.12418233 1
128.57142857 257.14285714 38.00000000 36.00000000 40.00000000 19 0.89473684 0.13521225 0.13438577 1
128.57142857 257.14285714 42.00000000 40.00000000 44.00000000 6 0.66666667 0.28747955 0.28355829 0
128.57142857 257.14285714 46.00000000 44.00000000 48.00000000 10 0.60000000 0.23969457 0.23603470 1
141.42857143 282.85714286 2.00000000 0.00000000 4.00000000 1 1.00000000 0.43755863 0.43026579 0
141.42857143 282.85714286 6.00000000 4.00000000 8.00000000 57 0.92982456 0.06124437 0.06121405 1
141.42857143 282.85714286 10.00000000 8.00000000 12.00000000 192 0.90625000 0.03262446 0.03251257 1
141.42857143 282.85714286 14.00000000 12.00000000 16.00000000 244 0.86065574 0.03350050 0.03352234 1
141.42857143 282.85714286 18.00000000 16.00000000 20.00000000 212 0.98113208 0.01758246 0.01759421 1
141.42857143 282.85714286 22.00000000 20.00000000 24.00000000 114 0.98245614 0.02749937 0.02738609 1
141.42857143 282.85714286 26.00000000 24.00000000 28.00000000 76 0.86842105 0.06229896 0.06174877 1
141.42857143 282.85714286 30.00000000 28.00000000 32.00000000 49 0.95918367 0.06016479 0.06007648 1
141.42857143 282.85714286 34.00000000 32.00000000 36.00000000 28 1.00000000 0.08021848 0.07933397 1
141.42857143 282.85714286 38.00000000 36.00000000 40.00000000 16 0.62500000 0.19215863 0.19121874 1
141.42857143 282.85714286 42.00000000 40.00000000 44.00000000 6 1.00000000 0.24560393 0.23962777 0
141.42857143 282.85714286 46.00000000 44.00000000 48.00000000 5 0.60000000 0.31298310 0.30943680 0
154.28571429 308.57142857 2.00000000 0.00000000 4.00000000 1 -1.00000000 0.42994936 0.43758463 0
154.28571429 308.57142857 6.00000000 4.00000000 8.00000000 82 0.78048780 0.07077865 0.07100106 1
154.28571429 308.57142857 10.00000000 8.00000000 12.00000000 176 0.86363636 0.03956265 0.03961178 1
154.28571429 308.57142857 14.00000000 12.00000000 16.00000000 224 0.81250000 0.03953198 0.03960577 1
154.28571429 308.57142857 18.00000000 16.00000000 20.00000000 188 0.85106383 0.03977777 0.03958816 1
154.28571429 308.57142857 22.00000000 20.00000000 24.00000000 150 0.82666667 0.04729303 0.04735724 1
154.28571429 308.57142857 26.00000000 24.00000000 28.00000000 79 0.89873418 0.05563473 0.05565093 1
154.28571429 308.57142857 30.00000000 28.00000000 32.00000000 48 0.79166667 0.09294040 0.09304843 1
154.28571429 308.57142857 34.00000000 32.00000000 36.00000000 25 0.92000000 0.10909920 0.10814556 1
154.28571429 308.57142857 38.00000000 36.00000000 40.00000000 14 0.71428571 0.19210295 0.19087167 1
154.28571429 308.57142857 42.00000000 40.00000000 44.00000000 6 1.00000000 0.24569089 0.24020955 0
154.28571429 308.57142857 46.00000000 44.00000000 48.00000000 7 0.71428571 0.26612309 0.26339457 0
167.14285714 334.28571429 2.00000000 0.00000000 4.00000000 1 1.00000000 0.43705792 0.42876102 0
167.14285714 334.28571429 6.00000000 4.00000000 8.00000000 69 0.47826087 0.10388248 0.10397940 1
167.14285714 334.28571429 10.00000000 8.00000000 12.00000000 178 0.61797753 0.05874772 0.05894510 1
167.14285714 334.28571429 14.00000000 12.00000000 16.00000000 231 0.47186147 0.05792890 0.05772334 1
167.14285714 334.28571429 18.00000000 16.00000000 20.00000000 192 0.55208333 0.06006514 0.06004961 1
167.14285714 334.28571429 22.00000000 20.00000000 24.00000000 137 0.62043796 0.06706433 0.06726360 1
167.14285714 334.28571429 26.00000000 24.00000000 28.00000000 89 0.48314607 0.09143177 0.09122624 1
167.14285714 334.28571429 30.00000000 28.00000000 32.00000000 36 0.50000000 0.14072002 0.14061597 1
167.14285714 334.28571429 34.00000000 32.00000000 36.00000000 31 0.54838710 0.14795272 0.14682015 1
167.14285714 334.28571429 38.00000000 36.00000000 40.00000000 15 0.20000000 0.22722386 0.22675443 1
167.14285714 334.28571429 42.00000000 40.00000000 44.00000000 13 0.38461538 0.23090054 0.23012363 1
167.14285714 334.28571429 46.00000000 44.00000000 48.00000000 8 0.25000000 0.28286081 0.28303957 0
180.00000000 360.00000000 2.00000000 0.00000000 4.00000000 0 nan 0.49655896 0.49659359 0
180.00000000 360.00000000 6.00000000 4.00000000 8.00000000 68 -0.05882353 0.11823203 0.11797216 1
180.00000000 360.00000000 10.00000000 8.00000000 12.00000000 179 0.30726257 0.07043565 0.07081076 1
180.00000000 360.00000000 14.00000000 12.00000000 16.00000000 215 0.24651163 0.06557060 0.06569991 1
180.00000000 360.00000000 18.00000000 16.00000000 20.00000000 216 0.14814815 0.06665004 0.06664267 1
180.00000000 360.00000000 22.00000000 20.00000000 24.00000000 136 0.20588235 0.08289841 0.08292866 1
180.00000000 360.00000000 26.00000000 24.00000000 28.00000000 74 0.05405405 0.11346218 0.11279936 1
180.00000000 360.00000000 30.00000000 28.00000000 32.00000000 55 0.16363636 0.12901686 0.12943438 1
180.00000000 360.00000000 34.00000000 32.00000000 36.00000000 27 0.55555556 0.15672843 0.15502253 1
180.00000000 360.00000000 38.00000000 36.00000000 40.00000000 15 -0.06666667 0.22776804 0.22788956 1
180.00000000 360.00000000 42.00000000 40.00000000 44.00000000 11 0.27272727 0.25196775 0.25081133 1
180.00000000 360.00000000 46.00000000 44.00000000 48.00000000 4 1.00000000 0.30136814 0.29393699 0

Pooled photon arrival histogram (1 ns bins, peak-normalized)
Total occurrences: 30000

 Arrival time (ns)   Bin left (ns)  Bin right (ns)  Occurrences     Normalized
        0.50000000      0.00000000      1.00000000            5     0.00258532
        1.50000000      1.00000000      2.00000000            3     0.00155119
        2.50000000      2.00000000      3.00000000            7     0.00361944
        3.50000000      3.00000000      4.00000000           18     0.00930714
        4.50000000      4.00000000      5.00000000          180     0.09307135
        5.50000000      5.00000000      6.00000000          418     0.21613237
        6.50000000      6.00000000      7.00000000          667     0.34488108
        7.50000000      7.00000000      8.00000000          888     0.45915202
        8.50000000      8.00000000      9.00000000         1078     0.55739400
        9.50000000      9.00000000     10.00000000         1259     0.65098242
       10.50000000     10.00000000     11.00000000         1371     0.70889349
       11.50000000     11.00000000     12.00000000         1484     0.76732161
       12.50000000     12.00000000     13.00000000         1601     0.82781799
       13.50000000     13.00000000     14.00000000         1717     0.88779731
       14.50000000     14.00000000     15.00000000         1806     0.93381593
       15.50000000     15.00000000     16.00000000         1934     1.00000000
       16.50000000     16.00000000     17.00000000         1782     0.92140641
       17.50000000     17.00000000     18.00000000         1607     0.83092037
       18.50000000     18.00000000     19.00000000         1454     0.75180972
       19.50000000     19.00000000     20.00000000         1295     0.66959669
       20.50000000     20.00000000     21.00000000         1075     0.55584281
       21.50000000     21.00000000     22.00000000         1005     0.51964840
       22.50000000     22.00000000     23.00000000          912     0.47156153
       23.50000000     23.00000000     24.00000000          816     0.42192347
       24.50000000     24.00000000     25.00000000          753     0.38934850
       25.50000000     25.00000000     26.00000000          625     0.32316443
       26.50000000     26.00000000     27.00000000          576     0.29782834
       27.50000000     27.00000000     28.00000000          492     0.25439504
       28.50000000     28.00000000     29.00000000          404     0.20889349
       29.50000000     29.00000000     30.00000000          367     0.18976215
       30.50000000     30.00000000     31.00000000          320     0.16546019
       31.50000000     31.00000000     32.00000000          270     0.13960703
       32.50000000     32.00000000     33.00000000          240     0.12409514
       33.50000000     33.00000000     34.00000000          211     0.10910031
       34.50000000     34.00000000     35.00000000          194     0.10031024
       35.50000000     35.00000000     36.00000000          163     0.08428128
       36.50000000     36.00000000     37.00000000          144     0.07445708
       37.50000000     37.00000000     38.00000000          143     0.07394002
       38.50000000     38.00000000     39.00000000          127     0.06566701
       39.50000000     39.00000000     40.00000000          108     0.05584281
       40.50000000     40.00000000     41.00000000           74     0.03826267
       41.50000000     41.00000000     42.00000000           71     0.03671148
       42.50000000     42.00000000     43.00000000           84     0.04343330
       43.50000000     43.00000000     44.00000000           67     0.03464323
       44.50000000     44.00000000     45.00000000           50     0.02585315
       45.50000000     45.00000000     46.00000000           51     0.02637022
       46.50000000     46.00000000     47.00000000           50     0.02585315
       47.50000000     47.00000000     48.00000000           34     0.01758014
