Supplementary QFC conversion efficiency

CW
Maximum efficiency: 0.5421(10)
Coupling kappa: 12.14(6) 1/W

  Pump setting (W)   Pump transmitted (mW)    Signal (microW)     Noise (microW)   Net output (microW)     Efficiency
        0.05000000             12.00000000         5.48177000         0.00801421            5.47375579     0.08182876
        0.10000000             21.92000000         9.22449000         0.02207970            9.20241030     0.13756950
        0.15000000             31.84000000        12.55850000         0.04462810           12.51387190     0.18707350
        0.20000000             41.76000000        15.45900000         0.07254060           15.38645940     0.23001664
        0.25000000             51.68000000        18.53250000         0.11189700           18.42060300     0.27537494
        0.30000000             61.60000000        20.59160000         0.15776900           20.43383100     0.30547127
        0.35000000             71.52000000        23.28880000         0.21288100           23.07591900     0.34496861
        0.40000000             81.44000000        25.46900000         0.27432900           25.19467100     0.37664244
        0.45000000             91.36000000        27.83950000         0.34395400           27.49554600     0.41103889
        0.50000000            101.28000000        29.15680000         0.42268400           28.73411600     0.42955463
        0.55000000            111.20000000        31.19420000         0.52358400           30.67061600     0.45850393
        0.60000000            121.12000000        32.41850000         0.60618600           31.81231400     0.47557151
        0.65000000            131.04000000        33.57780000         0.71519700           32.86260300     0.49127258
        0.70000000            140.96000000        34.87120000         0.81903900           34.05216100     0.50905563
        0.75000000            150.88000000        35.77310000         0.95298900           34.82011100     0.52053594
        0.80000000            160.80000000        36.42200000         1.09788000           35.32412000     0.52807052
        0.85000000            170.72000000        37.20500000         1.23119000           35.97381000     0.53778292
        0.90000000            180.64000000        37.21580000         1.35167000           35.86413000     0.53614328
        0.95000000            190.56000000        37.67430000         1.57791000           36.09639000     0.53961540
        1.00000000            200.48000000        38.02040000         1.71396000           36.30644000     0.54275550
        1.05000000            210.40000000        38.32110000         1.88440000           36.43670000     0.54470280
        1.10000000            220.32000000        38.27560000         2.09939000           36.17621000     0.54080866
        1.15000000            230.24000000        38.16750000         2.29751000           35.86999000     0.53623088
        1.20000000            240.16000000        37.78470000         2.53197000           35.25273000     0.52700329
        1.25000000            250.08000000        37.99660000         2.77292000           35.22368000     0.52656901
        1.30000000            260.00000000        37.59650000         2.98273000           34.61377000     0.51745129

  Pump transmitted (mW)    Fitted efficiency
            12.00000000           0.07519196
            14.50505051           0.08996228
            17.01010101           0.10442149
            19.51515152           0.11857345
            22.02020202           0.13242196
            24.52525253           0.14597080
            27.03030303           0.15922372
            29.53535354           0.17218442
            32.04040404           0.18485659
            34.54545455           0.19724387
            37.05050505           0.20934987
            39.55555556           0.22117819
            42.06060606           0.23273236
            44.56565657           0.24401590
            47.07070707           0.25503231
            49.57575758           0.26578503
            52.08080808           0.27627749
            54.58585859           0.28651309
            57.09090909           0.29649518
            59.59595960           0.30622710
            62.10101010           0.31571216
            64.60606061           0.32495362
            67.11111111           0.33395472
            69.61616162           0.34271869
            72.12121212           0.35124870
            74.62626263           0.35954790
            77.13131313           0.36761943
            79.63636364           0.37546638
            82.14141414           0.38309182
            84.64646465           0.39049878
            87.15151515           0.39769029
            89.65656566           0.40466932
            92.16161616           0.41143883
            94.66666667           0.41800174
            97.17171717           0.42436097
            99.67676768           0.43051938
           102.18181818           0.43647982
           104.68686869           0.44224512
           107.19191919           0.44781805
           109.69696970           0.45320140
           112.20202020           0.45839791
           114.70707071           0.46341028
           117.21212121           0.46824120
           119.71717172           0.47289335
           122.22222222           0.47736936
           124.72727273           0.48167184
           127.23232323           0.48580337
           129.73737374           0.48976653
           132.24242424           0.49356385
           134.74747475           0.49719785
           137.25252525           0.50067100
           139.75757576           0.50398579
           142.26262626           0.50714464
           144.76767677           0.51014997
           147.27272727           0.51300419
           149.77777778           0.51570965
           152.28282828           0.51826871
           154.78787879           0.52068368
           157.29292929           0.52295687
           159.79797980           0.52509056
           162.30303030           0.52708700
           164.80808081           0.52894842
           167.31313131           0.53067703
           169.81818182           0.53227501
           172.32323232           0.53374455
           174.82828283           0.53508777
           177.33333333           0.53630680
           179.83838384           0.53740374
           182.34343434           0.53838068
           184.84848485           0.53923966
           187.35353535           0.53998272
           189.85858586           0.54061189
           192.36363636           0.54112915
           194.86868687           0.54153649
           197.37373737           0.54183585
           199.87878788           0.54202917
           202.38383838           0.54211836
           204.88888889           0.54210531
           207.39393939           0.54199191
           209.89898990           0.54178000
           212.40404040           0.54147143
           214.90909091           0.54106800
           217.41414141           0.54057151
           219.91919192           0.53998373
           222.42424242           0.53930644
           224.92929293           0.53854136
           227.43434343           0.53769021
           229.93939394           0.53675471
           232.44444444           0.53573653
           234.94949495           0.53463734
           237.45454545           0.53345878
           239.95959596           0.53220249
           242.46464646           0.53087007
           244.96969697           0.52946313
           247.47474747           0.52798324
           249.97979798           0.52643195
           252.48484848           0.52481081
           254.98989899           0.52312134
           257.49494949           0.52136506
           260.00000000           0.51954344

ACW
Maximum efficiency: 0.5632(17)
Coupling kappa: 9.17(6) 1/W

  Pump setting (W)   Pump transmitted (mW)    Signal (microW)     Noise (microW)   Net output (microW)     Efficiency
        0.05000000             12.00000000         4.61530000         0.00335744            4.61194256     0.06894527
        0.10000000             21.92000000         7.43380000         0.01049080            7.42330920     0.11097320
        0.15000000             31.84000000        10.31030000         0.02106100           10.28923900     0.15381682
        0.20000000             41.76000000        12.82670000         0.03460520           12.79209480     0.19123274
        0.25000000             51.68000000        15.17350000         0.05323220           15.12026780     0.22603727
        0.30000000             61.60000000        17.71710000         0.07424500           17.64285500     0.26374816
        0.35000000             71.52000000        19.66150000         0.09867950           19.56282050     0.29245028
        0.40000000             81.44000000        21.96720000         0.13051700           21.83668300     0.32644291
        0.45000000             91.36000000        23.76680000         0.15919700           23.60760300     0.35291690
        0.50000000            101.28000000        25.75230000         0.20143900           25.55086100     0.38196723
        0.55000000            111.20000000        26.98300000         0.25235400           26.73064600     0.39960418
        0.60000000            121.12000000        28.48190000         0.28023400           28.20166600     0.42159489
        0.65000000            131.04000000        30.00030000         0.32987300           29.67042700     0.44355182
        0.70000000            140.96000000        31.33920000         0.38078800           30.95841200     0.46280628
        0.75000000            150.88000000        32.93540000         0.44517800           32.49022200     0.48570575
        0.80000000            160.80000000        33.74220000         0.50173900           33.24046100     0.49692129
        0.85000000            170.72000000        34.42350000         0.57207700           33.85142300     0.50605474
        0.90000000            180.64000000        35.11990000         0.64641700           34.47348300     0.51535410
        0.95000000            190.56000000        35.94180000         0.72008600           35.22171400     0.52653962
        1.00000000            200.48000000        36.81570000         0.79295500           36.02274500     0.53851446
        1.05000000            210.40000000        37.30880000         0.89013500           36.41866500     0.54443319
        1.10000000            220.32000000        37.97720000         1.00051000           36.97669000     0.55277526
        1.15000000            230.24000000        38.10480000         1.09522000           37.00958000     0.55326695
        1.20000000            240.16000000        38.61520000         1.15008000           37.46512000     0.56007695
        1.25000000            250.08000000        38.97430000         1.25715000           37.71715000     0.56384462
        1.30000000            260.00000000        39.01540000         1.36875000           37.64665000     0.56279069

  Pump transmitted (mW)    Fitted efficiency
            12.00000000           0.05970756
            14.50505051           0.07161704
            17.01010101           0.08333892
            19.51515152           0.09487494
            22.02020202           0.10622682
            24.52525253           0.11739630
            27.03030303           0.12838508
            29.53535354           0.13919486
            32.04040404           0.14982733
            34.54545455           0.16028416
            37.05050505           0.17056702
            39.55555556           0.18067755
            42.06060606           0.19061741
            44.56565657           0.20038823
            47.07070707           0.20999162
            49.57575758           0.21942920
            52.08080808           0.22870256
            54.58585859           0.23781329
            57.09090909           0.24676296
            59.59595960           0.25555316
            62.10101010           0.26418542
            64.60606061           0.27266131
            67.11111111           0.28098234
            69.61616162           0.28915005
            72.12121212           0.29716595
            74.62626263           0.30503155
            77.13131313           0.31274833
            79.63636364           0.32031779
            82.14141414           0.32774139
            84.64646465           0.33502059
            87.15151515           0.34215686
            89.65656566           0.34915163
            92.16161616           0.35600634
            94.66666667           0.36272240
            97.17171717           0.36930124
            99.67676768           0.37574426
           102.18181818           0.38205285
           104.68686869           0.38822839
           107.19191919           0.39427226
           109.69696970           0.40018582
           112.20202020           0.40597043
           114.70707071           0.41162744
           117.21212121           0.41715817
           119.71717172           0.42256397
           122.22222222           0.42784614
           124.72727273           0.43300599
           127.23232323           0.43804483
           129.73737374           0.44296394
           132.24242424           0.44776460
           134.74747475           0.45244809
           137.25252525           0.45701566
           139.75757576           0.46146858
           142.26262626           0.46580808
           144.76767677           0.47003540
           147.27272727           0.47415177
           149.77777778           0.47815841
           152.28282828           0.48205652
           154.78787879           0.48584732
           157.29292929           0.48953197
           159.79797980           0.49311169
           162.30303030           0.49658762
           164.80808081           0.49996095
           167.31313131           0.50323283
           169.81818182           0.50640441
           172.32323232           0.50947684
           174.82828283           0.51245123
           177.33333333           0.51532872
           179.83838384           0.51811043
           182.34343434           0.52079746
           184.84848485           0.52339091
           187.35353535           0.52589187
           189.85858586           0.52830143
           192.36363636           0.53062067
           194.86868687           0.53285064
           197.37373737           0.53499241
           199.87878788           0.53704703
           202.38383838           0.53901555
           204.88888889           0.54089900
           207.39393939           0.54269840
           209.89898990           0.54441479
           212.40404040           0.54604917
           214.90909091           0.54760255
           217.41414141           0.54907592
           219.91919192           0.55047028
           222.42424242           0.55178660
           224.92929293           0.55302587
           227.43434343           0.55418905
           229.93939394           0.55527710
           232.44444444           0.55629098
           234.94949495           0.55723162
           237.45454545           0.55809998
           239.95959596           0.55889697
           242.46464646           0.55962353
           244.96969697           0.56028056
           247.47474747           0.56086899
           249.97979798           0.56138971
           252.48484848           0.56184362
           254.98989899           0.56223160
           257.49494949           0.56255455
           260.00000000           0.56281332
