Supplementary ion: 493 nm pulse amplitude sweep

   Amplitude          D3/2     D3/2 error         S+1/2    S+1/2 error         S-1/2    S-1/2 error
  0.05000000    0.00800000     0.00290162    0.99100000     0.00314891    0.00200000     0.00433577
  0.10000000    0.01000000     0.00322172    0.99000000     0.00329829    0.00100000     0.00466219
  0.15000000    0.00600000     0.00253995    0.99400000     0.00263640    0.01100000     0.00486089
  0.20000000    0.00800000     0.00290162    0.99000000     0.00330313    0.00800000     0.00496298
  0.25000000    0.02700000     0.00516893    0.96900000     0.00558508    0.00100000     0.00737419
  0.30000000    0.02300000     0.00478805    0.96600000     0.00585507    0.02100000     0.00808731
  0.35000000    0.03400000     0.00576868    0.92600000     0.00849119    0.03100000     0.00971754
  0.40000000    0.04100000     0.00630395    0.91600000     0.00901708    0.05100000     0.01111792
  0.45000000    0.08500000     0.00883849    0.86200000     0.01134500    0.04300000     0.01378446
  0.50000000    0.09800000     0.00941906    0.81900000     0.01285212    0.07700000     0.01527431
  0.55000000    0.12200000     0.01036346    0.76600000     0.01439298    0.10800000     0.01687148
  0.60000000    0.14300000     0.01108177    0.72900000     0.01531985    0.15800000     0.01825606
  0.65000000    0.19100000     0.01243823    0.65200000     0.01694980    0.14700000     0.01945554
  0.70000000    0.19500000     0.01253638    0.61900000     0.01757162    0.18800000     0.01983681
  0.75000000    0.24700000     0.01364254    0.58500000     0.01805865    0.14900000     0.02062340
  0.80000000    0.23500000     0.01341325    0.58600000     0.01808535    0.21200000     0.02066668
  0.85000000    0.26500000     0.01396013    0.49600000     0.01941392    0.17100000     0.02099518
  0.90000000    0.25100000     0.01371579    0.52100000     0.01908629    0.20500000     0.02088518
  0.95000000    0.23800000     0.01347194    0.52300000     0.01906589    0.27300000     0.02076950
  1.00000000    0.26600000     0.01397689    0.49400000     0.01943935    0.22800000     0.02110255
