Supplementary beam-radius propagation

Measured: stage_position_m distance_from_facet_m radius_x_m radius_y_m
0.005 0.0331507470465492 0.002436642020584067 0.002412392134311531
0.015 0.0231507470465492 0.001699900175458158 0.001702991599459909
0.02 0.0181507470465492 0.001327978248093682 0.001332049046644656
0.023 0.0151507470465492 0.001105677174400266 0.001108875714402675
0.025 0.0131507470465492 0.0009566483591494924 0.0009595461739912323
0.027 0.0111507470465492 0.0008081315060874225 0.0008105237875835897

Numerical propagation: distance_m lp01_radius_m approximation_radius_m
0 1.701773651965053e-06 1.701773651965053e-06
5e-06 1.63132424998396e-06 1.76312720230904e-06
1e-05 1.91624747247956e-06 1.935554039163203e-06
1.5e-05 2.30840972458337e-06 2.193009184549654e-06
2e-05 2.704031101805256e-06 2.509457524349942e-06
2.5e-05 3.095416639792075e-06 2.865420176433575e-06
3e-05 3.4805154343055e-06 3.24793110248118e-06
4e-05 4.244686139860007e-06 4.062192455669094e-06
5e-05 5.005830462945491e-06 4.914715227009549e-06
0.0001 8.854560387147505e-06 8.85456146785276e-06
0.0002 1.681188654740491e-05 1.654767203140628e-05
0.0005 4.125399338459694e-05 4.113718400496876e-05
0.001 8.22670675620507e-05 8.220787072765008e-05
0.002 0.0001644108814243499 0.0001643824760016575
0.005 0.0004109440414031616 0.0004109329011705755
0.01 0.0008218556084619822 0.0008218591481732154
0.02 0.00164372335315777 0.001643714969245627

Main plot
distance_m lp01_fit_m matched_gaussian_m manufacturer_mfd_m fiber_na_m effective_na_m
0 1.701773651965053e-06 1.690540540540541e-06 1.9e-06 1.30457167938347e-06 2.147769667634866e-06
0.0007142857142857144 5.873511122051645e-05 6.632611160498731e-05 5.902561564683887e-05 8.593124786472655e-05 5.22334554864219e-05
0.001428571428571429 0.0001174236583422828 0.0001326199025055866 0.0001180053524631548 0.0001718476409979384 0.000104400654904902
0.002142857142857143 0.0001761225500018374 0.0001989208744882784 0.0001769952816387916 0.0002577673349712264 0.0001565825709716968
0.002857142857142858 0.0002348240288643393 0.0002652236421973116 0.0002359877599364289 0.0003436878542288415 0.0002087681686336643
0.003571428571428572 0.0002935265427133912 0.0003315271282418224 0.0002949812579846535 0.0004296087036075121 0.0002609552391737237
0.004285714285714287 0.0003522295740773881 0.000397830973463314 0.000353975265929105 0.0005155297180482167 0.0003131430462021953
0.005000000000000001 0.0004109329011705756 0.0004641350239315089 0.0004129695652489771 0.0006014508268105261 0.000365331274095688
0.005714285714285715 0.0004696364130968335 0.0005304392026798854 0.0004719640466807343 0.0006873719945239998 0.0004175197650351187
0.006428571428571429 0.0005283400482461264 0.0005967434669488045 0.0005309586495213692 0.0007732932015383188 0.0004697084313407588
0.007142857142857144 0.0005870437696520118 0.000663047791082303 0.0005899533373486712 0.0008592144360632616 0.0005218972204038125
0.007857142857142858 0.0006457475537902063 0.0007293521587537805 0.0006489480869846911 0.0009451356905959481 0.0005740860987455353
0.008571428571428574 0.0007044513849777657 0.0007956565590787992 0.0007079428829773786 0.001031056960134451 0.0006262750440465636
0.009285714285714288 0.0007631552523572219 0.0008619609845219591 0.0007669377146291158 0.001116978241215896 0.0006784640408549266
0.01 0.0008218591481732155 0.000928265429700822 0.0008259325742987236 0.001202899531366798 0.0007306530781334457
0.01071428571428572 0.0008805630667384691 0.0009945698906682597 0.0008849274563826567 0.001288820828773267 0.0007828421477881581
0.01142857142857143 0.0009392670037875161 0.001060874364463923 0.000943922356678248 0.001374742132074887 0.0008350312437485722
0.01214285714285714 0.0009979709560585235 0.001127178848824013 0.001002917271971688 0.001460663440231338 0.0008872203613725351
0.01285714285714286 0.001056674921014508 0.001193483341987796 0.001061912199763344 0.001546584752433481 0.0009394094970494762
0.01357142857142857 0.001115378896652583 0.001259787842565217 0.001120907138079821 0.001632506068042524 0.0009915986479289399
0.01428571428571429 0.001174082881370441 0.001326092349444234 0.001179902085342398 0.001718427386547431 0.001043787811730558
0.015 0.001232786873870973 0.001392396861724619 0.001238897040273066 0.00180434870753451 0.001095976986608317
0.01571428571428572 0.001291490873092908 0.001458701378669823 0.001297892001826177 0.00189027003066528 0.001148166171051838
0.01642857142857143 0.001350194878159543 0.001525005899671392 0.001356886969137937 0.001976191355660132 0.001200355363813419
0.01714285714285715 0.001408898888340291 0.001591310424222282 0.001415881941488516 0.002062112682286053 0.001252544563853305
0.01785714285714286 0.001467602903021461 0.001657614951896574 0.001474876918273256 0.002148034010347318 0.001304733770298101
0.01857142857142858 0.001526306921683775 0.001723919482333877 0.001533871898980526 0.002233955339678308 0.001356922982408783
0.01928571428571429 0.001585010943884882 0.001790224015227189 0.001592866883174488 0.002319876670137943 0.001409112199555808
0.02 0.001643714969245627 0.001856528550313366 0.001651861870481569 0.002405798001605298 0.001461301421199569
0.02071428571428572 0.001702418997439152 0.001922833087365561 0.001710856860579722 0.002491719333976125 0.001513490646874888
0.02142857142857143 0.00176112302818218 0.001989137626187173 0.001769851853189841 0.002577640667160077 0.001565679876178611
0.02214285714285714 0.001819827061227983 0.002055442166606966 0.001828846848068832 0.002663562001078465 0.001617869108759601
0.02285714285714286 0.001878531096360678 0.002121746708475112 0.00188784184500399 0.002749483335662435 0.001670058344310615
0.02357142857142858 0.001937235133390547 0.002188051251659944 0.001946836843808389 0.00283540467085148 0.001722247582561653
0.02428571428571429 0.001995939172150192 0.002254355796045281 0.002005831844317098 0.00292132600659221 0.001774436823274475
0.025 0.002054643212491348 0.002320660341528225 0.002064826846384032 0.003007247342837339 0.001826626066238074
0.02571428571428572 0.002113347254282221 0.002386964888017307 0.002123821849879339 0.003093168679544833 0.001878815311264884
0.02642857142857143 0.002172051297405267 0.00245326943543095 0.002182816854687207 0.003179090016677204 0.001931004558187619
0.02714285714285715 0.002230755341755315 0.002519573983696161 0.00224181186070401 0.003265011354200907 0.0019831938068566
0.02785714285714286 0.00228945938723798 0.002585878532747436 0.002300806867836755 0.003350932692085843 0.0020353830571375
0.02857142857142857 0.002348163433768315 0.002652183082525819 0.002359801876001746 0.003436854030304915 0.002087572308909426
0.02928571428571429 0.002406867481269663 0.002718487632978108 0.002418796885123452 0.003522775368833679 0.002139761562063279
0.03000000000000001 0.002465571529672665 0.002784792184056166 0.002477791895133538 0.00360869670765001 0.002191950816500349
0.03071428571428572 0.002524275578914414 0.002851096735716335 0.002536786905970022 0.003694618046733847 0.002244140072131111
0.03142857142857143 0.002582979628937724 0.002917401287918926 0.00259578191757656 0.003780539386066951 0.002296329328874175
0.03214285714285715 0.002641683679690491 0.002983705840627778 0.002654776929901815 0.003866460725632703 0.002348518586655389
0.03285714285714286 0.002700387731125141 0.003050010393809872 0.002713771942898915 0.003952382065415932 0.002400707845407047
0.03357142857142858 0.00275909178319815 0.003116314947435004 0.002772766956524974 0.004038303405402757 0.002452897105067206
0.03428571428571429 0.002817795835869621 0.003182619501475482 0.002831761970740683 0.00412422474558045 0.002505086365579084
0.035 0.002876499889102911 0.003248924055905876 0.002890756985509941 0.004210146085937328 0.002557275626890536

Inset
distance_m lp01_fit_m matched_gaussian_m manufacturer_mfd_m fiber_na_m effective_na_m
0 1.701773651965053e-06 1.690540540540541e-06 1.9e-06 1.30457167938347e-06 2.147769667634866e-06
8.16326530612245e-07 1.703437732147007e-06 1.692237991242128e-06 1.901195898887357e-06 1.308262086196406e-06 2.14859769577735e-06
1.63265306122449e-06 1.708420247375081e-06 1.697320157889919e-06 1.904779090546835e-06 1.319271368888018e-06 2.151079867778462e-06
2.448979591836735e-06 1.716692303687373e-06 1.705756787276516e-06 1.910736144399578e-06 1.337418798438053e-06 2.155210468376253e-06
3.26530612244898e-06 1.728206665592144e-06 1.717498447127253e-06 1.919044953912679e-06 1.362419164252482e-06 2.160980044935648e-06
4.081632653061225e-06 1.742899073960998e-06 1.732477940411746e-06 1.929675140704435e-06 1.393903782507425e-06 2.168375514618324e-06
4.897959183673469e-06 1.760689971173353e-06 1.750612153426996e-06 1.942588596193198e-06 1.431444853884952e-06 2.177380310455019e-06
5.714285714285715e-06 1.781486530043399e-06 1.771804224236825e-06 1.957740138874221e-06 1.474579880372048e-06 2.187974562579012e-06
6.53061224489796e-06 1.805184873751453e-06 1.795945908401695e-06 1.975078261879985e-06 1.522833581367808e-06 2.200135310112348e-06
7.346938775510205e-06 1.831672375092052e-06 1.82292002083753e-06 1.994545943726212e-06 1.57573578005454e-06 2.213836738625549e-06
8.16326530612245e-06 1.860829933252633e-06 1.852602844222147e-06 2.016081495032064e-06 1.632834719010411e-06 2.229050437730821e-06
8.979591836734695e-06 1.892534142588178e-06 1.88486641278735e-06 2.039619415351545e-06 1.693706004513962e-06 2.245745673219129e-06
9.795918367346939e-06 1.926659287677578e-06 1.91958060244208e-06 2.065091236783364e-06 1.757957814882547e-06 2.263889668201969e-06
1.061224489795918e-05 1.963079119721338e-06 1.956614981051233e-06 2.092426334400359e-06 1.825233181581389e-06 2.283447887948293e-06
1.142857142857143e-05 2.001668388953791e-06 1.995840394034682e-06 2.121552687405387e-06 1.895210145193389e-06 2.304384323487323e-06
1.224489795918367e-05 2.042304124744196e-06 2.03713027870853e-06 2.152397578951e-06 1.967600483025277e-06 2.326661769546112e-06
1.306122448979592e-05 2.084866668666555e-06 2.080361715179802e-06 2.184888226478291e-06 2.042147562302437e-06 2.350242092971589e-06
1.387755102040816e-05 2.129240475814259e-06 2.125416231970759e-06 2.218952338024634e-06 2.118623730324335e-06 2.375086488416415e-06
1.469387755102041e-05 2.175314706228507e-06 2.172180391184832e-06 2.254518593078962e-06 2.196827529467923e-06 2.401155718714567e-06
1.551020408163265e-05 2.222983631964399e-06 2.220546181495709e-06 2.29151704914991e-06 2.276580926921335e-06 2.428410338008763e-06
1.63265306122449e-05 2.272146886622557e-06 2.270411248220604e-06 2.329879477235441e-06 2.357726675947617e-06 2.456810896295178e-06
1.714285714285715e-05 2.322709583730788e-06 2.321678988904858e-06 2.369539630863618e-06 2.440125873635851e-06 2.486318124604392e-06
1.795918367346939e-05 2.37458232872235e-06 2.374258540804288e-06 2.410433454363737e-06 2.523655744937961e-06 2.516893100529421e-06
1.877551020408164e-05 2.427681146890051e-06 2.428064683904879e-06 2.452499236593301e-06 2.608207660020335e-06 2.548497394235202e-06
1.959183673469388e-05 2.481927346964383e-06 2.483017680052697e-06 2.495677716564734e-06 2.693685378005059e-06 2.581093195436643e-06
2.040816326530612e-05 2.537247337137879e-06 2.539043065658129e-06 2.539912147361995e-06 2.780003502268818e-06 2.614643422115103e-06
2.122448979591837e-05 2.593572407621615e-06 2.596071412473694e-06 2.585148324481303e-06 2.867086128569328e-06 2.649111811959798e-06
2.204081632653061e-05 2.650838491288827e-06 2.654038068235622e-06 2.631334584333997e-06 2.954865665931625e-06 2.684462997676589e-06
2.285714285714286e-05 2.708985911698319e-06 2.712882886563436e-06 2.678421778164908e-06 3.043281810451929e-06 2.720662567408783e-06
2.36734693877551e-05 2.767959125821912e-06 2.772549953446794e-06 2.726363226108396e-06 3.132280653296047e-06 2.757677111570286e-06
2.448979591836735e-05 2.827706467125054e-06 2.832987315907197e-06 2.775114655558669e-06 3.221813905745797e-06 2.795474257408325e-06
2.530612244897959e-05 2.88817989325111e-06 2.89414671698041e-06 2.824634127494931e-06 3.311838225904216e-06 2.834022692598162e-06
2.612244897959184e-05 2.949334741411695e-06 2.95598333999197e-06 2.874881953891986e-06 3.402314633440435e-06 2.873292179132632e-06
2.693877551020408e-05 3.011129493657551e-06 3.018455564157911e-06 2.92582060887382e-06 3.493208000440939e-06 2.913253558711099e-06
2.775510204081633e-05 3.073525553465969e-06 3.081524732801249e-06 2.977414635837602e-06 3.584486607985217e-06 2.953878750760722e-06
2.857142857142857e-05 3.13648703450184e-06 3.145154934899064e-06 3.02963055239106e-06 3.67612175945864e-06 2.995140744142631e-06
2.938775510204082e-05 3.199980561963008e-06 3.209312800235939e-06 3.08243675460746e-06 3.768087442850063e-06 3.037013583510211e-06
3.020408163265306e-05 3.263975086582633e-06 3.273967308111175e-06 3.135803421807687e-06 3.86036003536231e-06 3.079472351199554e-06
3.102040816326531e-05 3.328441711110849e-06 3.339089609307812e-06 3.189702422825497e-06 3.952918044601961e-06 3.12249314544551e-06
3.183673469387755e-05 3.393353528917603e-06 3.404652860862357e-06 3.244107224496302e-06 4.045741881424989e-06 3.166053055632611e-06
3.26530612244898e-05 3.458685474233297e-06 3.470632073060072e-06 3.298992802928125e-06 4.138813660211314e-06 3.21013013520974e-06
3.346938775510204e-05 3.524414183461719e-06 3.537003968009147e-06 3.354335557961704e-06 4.232117022938574e-06 3.254703372821789e-06
3.428571428571429e-05 3.590517866950662e-06 3.603746849107998e-06 3.410113231101448e-06 4.325636983936617e-06 3.299752662141219e-06
3.510204081632653e-05 3.65697619058181e-06 3.670840480705118e-06 3.466304827096467e-06 4.419359792641147e-06 3.345258770817783e-06
3.591836734693878e-05 3.723770166536332e-06 3.73826597725404e-06 3.522890539267946e-06 4.51327281203843e-06 3.391203308905744e-06
3.673469387755102e-05 3.790882052601249e-06 3.80600570128199e-06 3.579851678612836e-06 4.607364410811941e-06 3.437568697074712e-06
3.755102040816327e-05 3.858295259400005e-06 3.87404316951568e-06 3.637170606661571e-06 4.701623867474597e-06 3.484338134862533e-06
3.836734693877551e-05 3.925994264955669e-06 3.942362966538642e-06 3.694830672026916e-06 4.796041285003314e-06 3.53149556918615e-06
3.918367346938775e-05 3.993964536024468e-06 4.010950665388918e-06 3.752816150550285e-06 4.890607514692301e-06 3.579025663288852e-06
4e-05 4.062192455669094e-06 4.07979275454237e-06 3.811112188929035e-06 4.985314088112455e-06 3.626913766269295e-06
