Supplementary ion readout histogram
Dark-preparation shots: 20000
Bright-preparation shots: 20000
Threshold: 26.27727655 photoelectrons

[[Model]]
    (Model(gaussian, prefix='dark_') + Model(gaussian, prefix='bright_'))
[[Fit Statistics]]
    # fitting method   = leastsq
    # function evals   = 37
    # data points      = 116
    # variables        = 5
    chi-square         = 7.4376e-05
    reduced chi-square = 6.7005e-07
    Akaike info crit   = -1644.15624
    Bayesian info crit = -1630.38829
    R-squared          = 0.99493430
[[Variables]]
    dark_amplitude:    0.497(3) (0.66%) (init = 0.5)
    dark_center:       6.09(4) (0.68%) (init = 6.156)
    dark_sigma:        4.48(4) (0.88%) (init = 6.696859)
    bright_amplitude:  0.503(3) (0.65%) == '1 - dark_amplitude'
    bright_center:     66.77(12) (0.19%) (init = 66.852)
    bright_sigma:      9.34(11) (1.17%) (init = 9.417478)
    dark_fwhm:         10.56(9) (0.88%) == '2.3548200*dark_sigma'
    dark_height:       0.0442(3) (0.79%) == '0.3989423*dark_amplitude/max(1e-15, dark_sigma)'
    bright_fwhm:       22.0(3) (1.17%) == '2.3548200*bright_sigma'
    bright_height:     0.0215(2) (1.10%) == '0.3989423*bright_amplitude/max(1e-15, bright_sigma)'
[[Correlations]] (unreported correlations are < 0.100)
    C(dark_amplitude, dark_sigma)   = +0.5025
    C(dark_amplitude, bright_sigma) = -0.3736
    C(dark_sigma, bright_sigma)     = -0.1877

   Bin left (PE)   Bin right (PE)   Dark shots   Bright shots        Fit shots
    -11.00000000     -10.00000000            1              0       1.88288660
    -10.00000000      -9.00000000            2              0       4.19205421
     -9.00000000      -8.00000000            2              0       8.88027637
     -8.00000000      -7.00000000            5              0      17.89875986
     -7.00000000      -6.00000000           23              0      34.32545220
     -6.00000000      -5.00000000           35              0      62.63346813
     -5.00000000      -4.00000000           90              0     108.74104938
     -4.00000000      -3.00000000          156              0     179.62941115
     -3.00000000      -2.00000000          229              0     282.33078753
     -2.00000000      -1.00000000          404              1     422.21717900
     -1.00000000       0.00000000          645              0     600.77302825
      0.00000000       1.00000000          824              0     813.35814602
      1.00000000       2.00000000         1025              1    1047.73169342
      2.00000000       3.00000000         1250              0    1284.14838193
      3.00000000       4.00000000         1583              2    1497.53576512
      4.00000000       5.00000000         1699              0    1661.63665715
      5.00000000       6.00000000         1712              1    1754.25124197
      6.00000000       7.00000000         1700              3    1762.15614090
      7.00000000       8.00000000         1795              1    1684.20072380
      8.00000000       9.00000000         1433              0    1531.58173582
      9.00000000      10.00000000         1326              1    1325.20594420
     10.00000000      11.00000000         1043              0    1090.99670785
     11.00000000      12.00000000          952              3     854.59505510
     12.00000000      13.00000000          587              0     636.93364130
     13.00000000      14.00000000          456              0     451.67379487
     14.00000000      15.00000000          330              0     304.75619718
     15.00000000      16.00000000          230              1     195.64884687
     16.00000000      17.00000000          127              0     119.50872245
     17.00000000      18.00000000           97              0      69.45779412
     18.00000000      19.00000000           49              0      38.41019059
     19.00000000      20.00000000           31              0      20.21125886
     20.00000000      21.00000000           16              0      10.12100647
     21.00000000      22.00000000            7              0       4.82577698
     22.00000000      23.00000000            3              0       2.19535258
     23.00000000      24.00000000            3              0       0.96049493
     24.00000000      25.00000000            0              0       0.41694492
     25.00000000      26.00000000            0              0       0.20013842
     26.00000000      27.00000000            0              0       0.13469739
     27.00000000      28.00000000            0              0       0.14392471
     28.00000000      29.00000000            0              0       0.20027224
     29.00000000      30.00000000            0              0       0.30069719
     30.00000000      31.00000000            0              0       0.45581202
     31.00000000      32.00000000            0              1       0.68617075
     32.00000000      33.00000000            0              1       1.02211800
     33.00000000      34.00000000            0              2       1.50545770
     34.00000000      35.00000000            0              1       2.19215247
     35.00000000      36.00000000            0              1       3.15569838
     36.00000000      37.00000000            0              3       4.49097387
     37.00000000      38.00000000            0              4       6.31837637
     38.00000000      39.00000000            0              9       8.78800536
     39.00000000      40.00000000            0             10      12.08356215
     40.00000000      41.00000000            0             10      16.42553377
     41.00000000      42.00000000            0             13      22.07312624
     42.00000000      43.00000000            0             26      29.32432654
     43.00000000      44.00000000            0             30      38.51342046
     44.00000000      45.00000000            1             30      50.00529334
     45.00000000      46.00000000            0             40      64.18591132
     46.00000000      47.00000000            0             77      81.44853712
     47.00000000      48.00000000            1             69     102.17548534
     48.00000000      49.00000000            0            114     126.71556793
     49.00000000      50.00000000            2            120     155.35780754
     50.00000000      51.00000000            0            185     188.30247885
     51.00000000      52.00000000            2            207     225.63103464
     52.00000000      53.00000000            0            235     267.27693155
     53.00000000      54.00000000            3            275     312.99972997
     54.00000000      55.00000000            6            413     362.36504142
     55.00000000      56.00000000            2            437     414.73288010
     56.00000000      57.00000000            3            474     469.25670458
     57.00000000      58.00000000            2            558     524.89489543
     58.00000000      59.00000000            6            556     580.43562024
     59.00000000      60.00000000            4            607     634.53503742
     60.00000000      61.00000000            0            655     685.76766445
     61.00000000      62.00000000            5            814     732.68659008
     62.00000000      63.00000000            3            726     773.89016403
     63.00000000      64.00000000            8            822     808.09097236
     64.00000000      65.00000000            5            845     834.18240910
     65.00000000      66.00000000            4            935     851.29806044
     66.00000000      67.00000000            1            859     858.85946209
     67.00000000      68.00000000            5            841     856.60855933
     68.00000000      69.00000000           11            802     844.62232941
     69.00000000      70.00000000            6            847     823.30841075
     70.00000000      71.00000000            4            729     793.38208502
     71.00000000      72.00000000            1            706     755.82642478
     72.00000000      73.00000000            5            672     711.83870344
     73.00000000      74.00000000            3            714     662.76713935
     74.00000000      75.00000000            5            571     610.04262603
     75.00000000      76.00000000            6            497     555.11024220
     76.00000000      77.00000000            4            473     499.36504994
     77.00000000      78.00000000            1            500     444.09602939
     78.00000000      79.00000000            1            383     390.44105841
     79.00000000      80.00000000            3            366     339.35473775
     80.00000000      81.00000000            3            302     291.58971161
     81.00000000      82.00000000            1            297     247.69105340
     82.00000000      83.00000000            5            211     208.00237228
     83.00000000      84.00000000            3            180     172.68161445
     84.00000000      85.00000000            0            155     141.72411599
     85.00000000      86.00000000            2            128     114.99031332
     86.00000000      87.00000000            0             86      92.23560529
     87.00000000      88.00000000            0             78      73.14014065
     88.00000000      89.00000000            2             79      57.33671726
     89.00000000      90.00000000            0             51      44.43546219
     90.00000000      91.00000000            0             43      34.04445792
     91.00000000      92.00000000            0             28      25.78594127
     92.00000000      93.00000000            1             29      19.30809377
     93.00000000      94.00000000            0             12      14.29274526
     94.00000000      95.00000000            0              7      10.45951993
     95.00000000      96.00000000            0             12       7.56706901
     96.00000000      97.00000000            0              4       5.41207095
     97.00000000      98.00000000            0              8       3.82665327
     98.00000000      99.00000000            0              2       2.67482016
     99.00000000     100.00000000            0              2       1.84837424
    100.00000000     101.00000000            0              2       1.26271422
    101.00000000     102.00000000            0              1       0.85278603
    102.00000000     103.00000000            0              2       0.56937046
    103.00000000     104.00000000            0              1       0.37581112
    104.00000000     105.00000000            0              1       0.24522467
