Supplementary SiV electron-spin ODMR and Rabi oscillations
Fit center and omega in MHz; center is relative to 17.1 GHz. Duration in microseconds.
[[Model]]
    Model(odmr_probability)
[[Fit Statistics]]
    # fitting method   = leastsq
    # function evals   = 47
    # data points      = 200
    # variables        = 4
    chi-square         = 79.6961668
    reduced chi-square = 0.40661310
    Akaike info crit   = -176.019176
    Bayesian info crit = -162.825906
    R-squared          = 0.99719582
[[Variables]]
    center:     96.80(2) (0.02%) (init = 97)
    omega:      1.66(6) (3.88%) (init = 1.923077)
    duration:   0.26 (fixed)
    amplitude:  1.0(2) (20.72%) == '(1-offset)*contrast'
    offset:     0.00000(20) (5455232826.90%) (init = 0.001)
    contrast:   1.000(18) (1.78%) (init = 0.95)
[[Correlations]] (unreported correlations are < 0.100)
    C(omega, contrast)  = -0.8933
    C(omega, offset)    = +0.2296
    C(offset, contrast) = -0.1821
frequency_GHz
coordinate nof_transitions shots probability standard_error fitted_probability
17.100000000 0 300 0.00000000 0.00235115 0.00007905
17.101000000 0 300 0.00000000 0.00235115 0.00002200
17.102000000 0 300 0.00000000 0.00235115 0.00024236
17.103000000 1 300 0.00333333 0.00406553 0.00028070
17.104000000 0 300 0.00000000 0.00235115 0.00005307
17.105000000 0 300 0.00000000 0.00235115 0.00004950
17.106000000 0 300 0.00000000 0.00235115 0.00029531
17.107000000 0 300 0.00000000 0.00235115 0.00027559
17.108000000 0 300 0.00000000 0.00235115 0.00002933
17.109000000 1 300 0.00333333 0.00406553 0.00008984
17.110000000 0 300 0.00000000 0.00235115 0.00034853
17.111000000 1 300 0.00333333 0.00406553 0.00026121
17.112000000 0 300 0.00000000 0.00235115 0.00001078
17.113000000 1 300 0.00333333 0.00406553 0.00014397
17.114000000 0 300 0.00000000 0.00235115 0.00039962
17.115000000 1 300 0.00333333 0.00406553 0.00023766
17.116000000 0 300 0.00000000 0.00235115 0.00000079
17.117000000 0 300 0.00000000 0.00235115 0.00021239
17.118000000 0 300 0.00000000 0.00235115 0.00044598
17.119000000 0 300 0.00000000 0.00235115 0.00020569
17.120000000 1 300 0.00333333 0.00406553 0.00000314
17.121000000 0 300 0.00000000 0.00235115 0.00029515
17.122000000 0 300 0.00000000 0.00235115 0.00048487
17.123000000 0 300 0.00000000 0.00235115 0.00016685
17.124000000 1 300 0.00333333 0.00406553 0.00002203
17.125000000 1 300 0.00333333 0.00406553 0.00039175
17.126000000 0 300 0.00000000 0.00235115 0.00051353
17.127000000 0 300 0.00000000 0.00235115 0.00012361
17.128000000 0 300 0.00000000 0.00235115 0.00006199
17.129000000 2 300 0.00666667 0.00523980 0.00050115
17.130000000 0 300 0.00000000 0.00235115 0.00052931
17.131000000 0 300 0.00000000 0.00235115 0.00007955
17.132000000 0 300 0.00000000 0.00235115 0.00012799
17.133000000 1 300 0.00333333 0.00406553 0.00062173
17.134000000 0 300 0.00000000 0.00235115 0.00052982
17.135000000 0 300 0.00000000 0.00235115 0.00003959
17.136000000 1 300 0.00333333 0.00406553 0.00022546
17.137000000 0 300 0.00000000 0.00235115 0.00075130
17.138000000 0 300 0.00000000 0.00235115 0.00051309
17.139000000 0 300 0.00000000 0.00235115 0.00001025
17.140000000 0 300 0.00000000 0.00235115 0.00036046
17.141000000 0 300 0.00000000 0.00235115 0.00088714
17.142000000 1 300 0.00333333 0.00406553 0.00047785
17.143000000 0 300 0.00000000 0.00235115 0.00000016
17.144000000 0 300 0.00000000 0.00235115 0.00053999
17.145000000 0 300 0.00000000 0.00235115 0.00102603
17.146000000 0 300 0.00000000 0.00235115 0.00042376
17.147000000 0 300 0.00000000 0.00235115 0.00002074
17.148000000 0 300 0.00000000 0.00235115 0.00077248
17.149000000 0 300 0.00000000 0.00235115 0.00116430
17.150000000 0 300 0.00000000 0.00235115 0.00035188
17.151000000 0 300 0.00000000 0.00235115 0.00008748
17.152000000 0 300 0.00000000 0.00235115 0.00106876
17.153000000 0 300 0.00000000 0.00235115 0.00129791
17.154000000 0 300 0.00000000 0.00235115 0.00026533
17.155000000 0 300 0.00000000 0.00235115 0.00022195
17.156000000 0 300 0.00000000 0.00235115 0.00144364
17.157000000 1 300 0.00333333 0.00406553 0.00142256
17.158000000 0 300 0.00000000 0.00235115 0.00017048
17.159000000 0 300 0.00000000 0.00235115 0.00045560
17.160000000 0 300 0.00000000 0.00235115 0.00191882
17.161000000 1 300 0.00333333 0.00406553 0.00153379
17.162000000 1 300 0.00333333 0.00406553 0.00007908
17.163000000 1 300 0.00333333 0.00406553 0.00083677
17.164000000 6 300 0.02000000 0.00839213 0.00252834
17.165000000 0 300 0.00000000 0.00235115 0.00162718
17.166000000 0 300 0.00000000 0.00235115 0.00001257
17.167000000 0 300 0.00000000 0.00235115 0.00144479
17.168000000 1 300 0.00333333 0.00406553 0.00332957
17.169000000 1 300 0.00333333 0.00406553 0.00169868
17.170000000 0 300 0.00000000 0.00235115 0.00001138
17.171000000 1 300 0.00333333 0.00406553 0.00242024
17.172000000 3 300 0.01000000 0.00618943 0.00442703
17.173000000 0 300 0.00000000 0.00235115 0.00174547
17.174000000 0 300 0.00000000 0.00235115 0.00015660
17.175000000 2 300 0.00666667 0.00523980 0.00403672
17.176000000 4 300 0.01333333 0.00700634 0.00603029
17.177000000 2 300 0.00666667 0.00523980 0.00176847
17.178000000 0 300 0.00000000 0.00235115 0.00062695
17.179000000 1 300 0.00333333 0.00406553 0.00689398
17.180000000 1 300 0.00333333 0.00406553 0.00861707
17.181000000 1 300 0.00333333 0.00406553 0.00178108
17.182000000 0 300 0.00000000 0.00235115 0.00187061
17.183000000 3 300 0.01000000 0.00618943 0.01253796
17.184000000 3 300 0.01000000 0.00618943 0.01350002
17.185000000 0 300 0.00000000 0.00235115 0.00184861
17.186000000 3 300 0.01000000 0.00618943 0.00523607
17.187000000 12 300 0.04000000 0.01151863 0.02604149
17.188000000 4 300 0.01333333 0.00700634 0.02555769
17.189000000 0 300 0.00000000 0.00235115 0.00236559
17.190000000 3 300 0.01000000 0.00618943 0.01598772
17.191000000 17 300 0.05666667 0.01351041 0.07238437
17.192000000 30 300 0.10000000 0.01742234 0.07706266
17.193000000 3 300 0.01000000 0.00618943 0.00989184
17.194000000 20 300 0.06666667 0.01454508 0.05500441
17.195000000 109 300 0.36333333 0.02777566 0.37816740
17.196000000 252 300 0.84000000 0.02122631 0.80765445
17.197000000 285 300 0.95000000 0.01275974 0.94690074
17.198000000 192 300 0.64000000 0.02772063 0.65289104
17.199000000 78 300 0.26000000 0.02534969 0.22090441
17.200000000 2 300 0.00666667 0.00523980 0.00831494
17.201000000 17 300 0.05666667 0.01351041 0.03658217
17.202000000 28 300 0.09333333 0.01690357 0.08715096
17.203000000 15 300 0.05000000 0.01275974 0.05028902
17.204000000 2 300 0.00666667 0.00523980 0.00312867
17.205000000 1 300 0.00333333 0.00406553 0.01074165
17.206000000 11 300 0.03666667 0.01106741 0.03021658
17.207000000 8 300 0.02666667 0.00956413 0.01808013
17.208000000 0 300 0.00000000 0.00235115 0.00069194
17.209000000 2 300 0.00666667 0.00523980 0.00633079
17.210000000 5 300 0.01666667 0.00773273 0.01539885
17.211000000 4 300 0.01333333 0.00700634 0.00822072
17.212000000 1 300 0.00333333 0.00406553 0.00007655
17.213000000 0 300 0.00000000 0.00235115 0.00466982
17.214000000 3 300 0.01000000 0.00618943 0.00928139
17.215000000 1 300 0.00333333 0.00406553 0.00413796
17.216000000 1 300 0.00333333 0.00406553 0.00000664
17.217000000 1 300 0.00333333 0.00406553 0.00376825
17.218000000 1 300 0.00333333 0.00406553 0.00608598
17.219000000 1 300 0.00333333 0.00406553 0.00215359
17.220000000 1 300 0.00333333 0.00406553 0.00010756
17.221000000 2 300 0.00666667 0.00523980 0.00316336
17.222000000 1 300 0.00333333 0.00406553 0.00416858
17.223000000 1 300 0.00333333 0.00406553 0.00110400
17.224000000 0 300 0.00000000 0.00235115 0.00025403
17.225000000 2 300 0.00666667 0.00523980 0.00270055
17.226000000 0 300 0.00000000 0.00235115 0.00291321
17.227000000 0 300 0.00000000 0.00235115 0.00052993
17.228000000 0 300 0.00000000 0.00235115 0.00039908
17.229000000 0 300 0.00000000 0.00235115 0.00231673
17.230000000 1 300 0.00333333 0.00406553 0.00204451
17.231000000 1 300 0.00333333 0.00406553 0.00022023
17.232000000 0 300 0.00000000 0.00235115 0.00052408
17.233000000 2 300 0.00666667 0.00523980 0.00198302
17.234000000 0 300 0.00000000 0.00235115 0.00142295
17.235000000 0 300 0.00000000 0.00235115 0.00006617
17.236000000 0 300 0.00000000 0.00235115 0.00062198
17.237000000 0 300 0.00000000 0.00235115 0.00168544
17.238000000 0 300 0.00000000 0.00235115 0.00097064
17.239000000 0 300 0.00000000 0.00235115 0.00000657
17.240000000 0 300 0.00000000 0.00235115 0.00069094
17.241000000 0 300 0.00000000 0.00235115 0.00141712
17.242000000 0 300 0.00000000 0.00235115 0.00064046
17.243000000 0 300 0.00000000 0.00235115 0.00000440
17.244000000 0 300 0.00000000 0.00235115 0.00073174
17.245000000 0 300 0.00000000 0.00235115 0.00117482
17.246000000 0 300 0.00000000 0.00235115 0.00040182
17.247000000 0 300 0.00000000 0.00235115 0.00003601
17.248000000 0 300 0.00000000 0.00235115 0.00074651
17.249000000 0 300 0.00000000 0.00235115 0.00095711
17.250000000 0 300 0.00000000 0.00235115 0.00023356
17.251000000 0 300 0.00000000 0.00235115 0.00008557
17.252000000 0 300 0.00000000 0.00235115 0.00073823
17.253000000 0 300 0.00000000 0.00235115 0.00076344
17.254000000 0 300 0.00000000 0.00235115 0.00012014
17.255000000 0 300 0.00000000 0.00235115 0.00014227
17.256000000 0 300 0.00000000 0.00235115 0.00071028
17.257000000 1 300 0.00333333 0.00406553 0.00059355
17.258000000 0 300 0.00000000 0.00235115 0.00004957
17.259000000 1 300 0.00333333 0.00406553 0.00019861
17.260000000 2 300 0.00666667 0.00523980 0.00066633
17.261000000 0 300 0.00000000 0.00235115 0.00044720
17.262000000 0 300 0.00000000 0.00235115 0.00001221
17.263000000 2 300 0.00666667 0.00523980 0.00024947
17.264000000 1 300 0.00333333 0.00406553 0.00061008
17.265000000 0 300 0.00000000 0.00235115 0.00032393
17.266000000 1 300 0.00333333 0.00406553 0.00000009
17.267000000 0 300 0.00000000 0.00235115 0.00029152
17.268000000 0 300 0.00000000 0.00235115 0.00054521
17.269000000 1 300 0.00333333 0.00406553 0.00022296
17.270000000 0 300 0.00000000 0.00235115 0.00000647
17.271000000 2 300 0.00666667 0.00523980 0.00032278
17.272000000 0 300 0.00000000 0.00235115 0.00047522
17.273000000 2 300 0.00666667 0.00523980 0.00014318
17.274000000 0 300 0.00000000 0.00235115 0.00002562
17.275000000 0 300 0.00000000 0.00235115 0.00034234
17.276000000 0 300 0.00000000 0.00235115 0.00040333
17.277000000 0 300 0.00000000 0.00235115 0.00008311
17.278000000 0 300 0.00000000 0.00235115 0.00005268
17.279000000 0 300 0.00000000 0.00235115 0.00035019
17.280000000 0 300 0.00000000 0.00235115 0.00033244
17.281000000 0 300 0.00000000 0.00235115 0.00004098
17.282000000 1 300 0.00333333 0.00406553 0.00008358
17.283000000 1 300 0.00333333 0.00406553 0.00034695
17.284000000 0 300 0.00000000 0.00235115 0.00026506
17.285000000 0 300 0.00000000 0.00235115 0.00001472
17.286000000 0 300 0.00000000 0.00235115 0.00011495
17.287000000 1 300 0.00333333 0.00406553 0.00033378
17.288000000 1 300 0.00333333 0.00406553 0.00020323
17.289000000 1 300 0.00333333 0.00406553 0.00000206
17.290000000 1 300 0.00333333 0.00406553 0.00014414
17.291000000 0 300 0.00000000 0.00235115 0.00031222
17.292000000 0 300 0.00000000 0.00235115 0.00014853
17.293000000 1 300 0.00333333 0.00406553 0.00000062
17.294000000 1 300 0.00333333 0.00406553 0.00016912
17.295000000 1 300 0.00333333 0.00406553 0.00028404
17.296000000 1 300 0.00333333 0.00406553 0.00010205
17.297000000 0 300 0.00000000 0.00235115 0.00000797
17.298000000 0 300 0.00000000 0.00235115 0.00018851
17.299000000 1 300 0.00333333 0.00406553 0.00025115
Fit center and omega in MHz; center is relative to 17.1 GHz. Duration in microseconds.
[[Model]]
    Model(odmr_probability)
[[Fit Statistics]]
    # fitting method   = leastsq
    # function evals   = 62
    # data points      = 200
    # variables        = 4
    chi-square         = 113.523628
    reduced chi-square = 0.57920219
    Akaike info crit   = -105.261274
    Bayesian info crit = -92.0680047
    R-squared          = 0.99699378
[[Variables]]
    center:     163.01(2) (0.01%) (init = 163)
    omega:      1.69(6) (3.40%) (init = 1.923077)
    duration:   0.26 (fixed)
    amplitude:  1.00(5) (4.66%) == '(1-offset)*contrast'
    offset:     0.0002(2) (133.14%) (init = 0.001)
    contrast:   1.00(5) (4.66%) (init = 0.95)
[[Correlations]] (unreported correlations are < 0.100)
    C(omega, contrast)  = +0.9008
    C(omega, offset)    = -0.1865
    C(offset, contrast) = -0.1523
frequency_GHz
coordinate nof_transitions shots probability standard_error fitted_probability
17.100000000 0 300 0.00000000 0.00235115 0.00025753
17.101000000 2 300 0.00666667 0.00523980 0.00017898
17.102000000 0 300 0.00000000 0.00235115 0.00018207
17.103000000 0 300 0.00000000 0.00235115 0.00026366
17.104000000 0 300 0.00000000 0.00235115 0.00025164
17.105000000 0 300 0.00000000 0.00235115 0.00017102
17.106000000 0 300 0.00000000 0.00235115 0.00019514
17.107000000 1 300 0.00333333 0.00406553 0.00027635
17.108000000 2 300 0.00666667 0.00523980 0.00024291
17.109000000 0 300 0.00000000 0.00235115 0.00016547
17.110000000 0 300 0.00000000 0.00235115 0.00021129
17.111000000 0 300 0.00000000 0.00235115 0.00028667
17.112000000 2 300 0.00666667 0.00523980 0.00023180
17.113000000 0 300 0.00000000 0.00235115 0.00016316
17.114000000 0 300 0.00000000 0.00235115 0.00023003
17.115000000 2 300 0.00666667 0.00523980 0.00029390
17.116000000 0 300 0.00000000 0.00235115 0.00021898
17.117000000 0 300 0.00000000 0.00235115 0.00016480
17.118000000 1 300 0.00333333 0.00406553 0.00025064
17.119000000 0 300 0.00000000 0.00235115 0.00029743
17.120000000 0 300 0.00000000 0.00235115 0.00020529
17.121000000 0 300 0.00000000 0.00235115 0.00017097
17.122000000 0 300 0.00000000 0.00235115 0.00027223
17.123000000 0 300 0.00000000 0.00235115 0.00029686
17.124000000 0 300 0.00000000 0.00235115 0.00019177
17.125000000 1 300 0.00333333 0.00406553 0.00018206
17.126000000 0 300 0.00000000 0.00235115 0.00029379
17.127000000 0 300 0.00000000 0.00235115 0.00029197
17.128000000 0 300 0.00000000 0.00235115 0.00017959
17.129000000 1 300 0.00333333 0.00406553 0.00019823
17.130000000 0 300 0.00000000 0.00235115 0.00031418
17.131000000 0 300 0.00000000 0.00235115 0.00028283
17.132000000 0 300 0.00000000 0.00235115 0.00016998
17.133000000 1 300 0.00333333 0.00406553 0.00021937
17.134000000 1 300 0.00333333 0.00406553 0.00033224
17.135000000 0 300 0.00000000 0.00235115 0.00026981
17.136000000 0 300 0.00000000 0.00235115 0.00016422
17.137000000 0 300 0.00000000 0.00235115 0.00024507
17.138000000 2 300 0.00666667 0.00523980 0.00034682
17.139000000 1 300 0.00333333 0.00406553 0.00025355
17.140000000 0 300 0.00000000 0.00235115 0.00016355
17.141000000 0 300 0.00000000 0.00235115 0.00027463
17.142000000 2 300 0.00666667 0.00523980 0.00035686
17.143000000 0 300 0.00000000 0.00235115 0.00023506
17.144000000 0 300 0.00000000 0.00235115 0.00016910
17.145000000 0 300 0.00000000 0.00235115 0.00030707
17.146000000 1 300 0.00333333 0.00406553 0.00036147
17.147000000 3 300 0.01000000 0.00618943 0.00021562
17.148000000 0 300 0.00000000 0.00235115 0.00018181
17.149000000 1 300 0.00333333 0.00406553 0.00034113
17.150000000 0 300 0.00000000 0.00235115 0.00036000
17.151000000 0 300 0.00000000 0.00235115 0.00019681
17.152000000 0 300 0.00000000 0.00235115 0.00020239
17.153000000 0 300 0.00000000 0.00235115 0.00037531
17.154000000 0 300 0.00000000 0.00235115 0.00035210
17.155000000 0 300 0.00000000 0.00235115 0.00018045
17.156000000 0 300 0.00000000 0.00235115 0.00023125
17.157000000 0 300 0.00000000 0.00235115 0.00040794
17.158000000 2 300 0.00666667 0.00523980 0.00033783
17.159000000 1 300 0.00333333 0.00406553 0.00016854
17.160000000 1 300 0.00333333 0.00406553 0.00026840
17.161000000 0 300 0.00000000 0.00235115 0.00043725
17.162000000 1 300 0.00333333 0.00406553 0.00031767
17.163000000 0 300 0.00000000 0.00235115 0.00016323
17.164000000 0 300 0.00000000 0.00235115 0.00031347
17.165000000 0 300 0.00000000 0.00235115 0.00046141
17.166000000 2 300 0.00666667 0.00523980 0.00029260
17.167000000 0 300 0.00000000 0.00235115 0.00016670
17.168000000 2 300 0.00666667 0.00523980 0.00036564
17.169000000 0 300 0.00000000 0.00235115 0.00047870
17.170000000 0 300 0.00000000 0.00235115 0.00026413
17.171000000 0 300 0.00000000 0.00235115 0.00018111
17.172000000 0 300 0.00000000 0.00235115 0.00042363
17.173000000 0 300 0.00000000 0.00235115 0.00048755
17.174000000 0 300 0.00000000 0.00235115 0.00023433
17.175000000 1 300 0.00333333 0.00406553 0.00020850
17.176000000 1 300 0.00333333 0.00406553 0.00048571
17.177000000 0 300 0.00000000 0.00235115 0.00048669
17.178000000 0 300 0.00000000 0.00235115 0.00020587
17.179000000 0 300 0.00000000 0.00235115 0.00025068
17.180000000 0 300 0.00000000 0.00235115 0.00054973
17.181000000 0 300 0.00000000 0.00235115 0.00047527
17.182000000 2 300 0.00666667 0.00523980 0.00018200
17.183000000 1 300 0.00333333 0.00406553 0.00030920
17.184000000 0 300 0.00000000 0.00235115 0.00061313
17.185000000 1 300 0.00333333 0.00406553 0.00045299
17.186000000 0 300 0.00000000 0.00235115 0.00016657
17.187000000 1 300 0.00333333 0.00406553 0.00038522
17.188000000 0 300 0.00000000 0.00235115 0.00067305
17.189000000 1 300 0.00333333 0.00406553 0.00042027
17.190000000 0 300 0.00000000 0.00235115 0.00016402
17.191000000 0 300 0.00000000 0.00235115 0.00047946
17.192000000 1 300 0.00333333 0.00406553 0.00072635
17.193000000 0 300 0.00000000 0.00235115 0.00037835
17.194000000 0 300 0.00000000 0.00235115 0.00017944
17.195000000 2 300 0.00666667 0.00523980 0.00059216
17.196000000 1 300 0.00333333 0.00406553 0.00076976
17.197000000 1 300 0.00333333 0.00406553 0.00032956
17.198000000 1 300 0.00333333 0.00406553 0.00021861
17.199000000 1 300 0.00333333 0.00406553 0.00072307
17.200000000 1 300 0.00333333 0.00406553 0.00079998
17.201000000 0 300 0.00000000 0.00235115 0.00027747
17.202000000 0 300 0.00000000 0.00235115 0.00028809
17.203000000 0 300 0.00000000 0.00235115 0.00087139
17.204000000 0 300 0.00000000 0.00235115 0.00081382
17.205000000 0 300 0.00000000 0.00235115 0.00022726
17.206000000 0 300 0.00000000 0.00235115 0.00039547
17.207000000 0 300 0.00000000 0.00235115 0.00103587
17.208000000 0 300 0.00000000 0.00235115 0.00080834
17.209000000 1 300 0.00333333 0.00406553 0.00018616
17.210000000 0 300 0.00000000 0.00235115 0.00054968
17.211000000 0 300 0.00000000 0.00235115 0.00121484
17.212000000 1 300 0.00333333 0.00406553 0.00078111
17.213000000 0 300 0.00000000 0.00235115 0.00016414
17.214000000 0 300 0.00000000 0.00235115 0.00076173
17.215000000 2 300 0.00666667 0.00523980 0.00140630
17.216000000 1 300 0.00333333 0.00406553 0.00073046
17.217000000 0 300 0.00000000 0.00235115 0.00017505
17.218000000 1 300 0.00333333 0.00406553 0.00104576
17.219000000 2 300 0.00666667 0.00523980 0.00160818
17.220000000 1 300 0.00333333 0.00406553 0.00065591
17.221000000 0 300 0.00000000 0.00235115 0.00023856
17.222000000 1 300 0.00333333 0.00406553 0.00142104
17.223000000 0 300 0.00000000 0.00235115 0.00181860
17.224000000 1 300 0.00333333 0.00406553 0.00055887
17.225000000 1 300 0.00333333 0.00406553 0.00038365
17.226000000 1 300 0.00333333 0.00406553 0.00191552
17.227000000 2 300 0.00666667 0.00523980 0.00203637
17.228000000 1 300 0.00333333 0.00406553 0.00044390
17.229000000 0 300 0.00000000 0.00235115 0.00065512
17.230000000 1 300 0.00333333 0.00406553 0.00257256
17.231000000 0 300 0.00000000 0.00235115 0.00226193
17.232000000 0 300 0.00000000 0.00235115 0.00032129
17.233000000 0 300 0.00000000 0.00235115 0.00112667
17.234000000 0 300 0.00000000 0.00235115 0.00346436
17.235000000 2 300 0.00666667 0.00523980 0.00249911
17.236000000 0 300 0.00000000 0.00235115 0.00021253
17.237000000 1 300 0.00333333 0.00406553 0.00192883
17.238000000 2 300 0.00666667 0.00523980 0.00472118
17.239000000 5 300 0.01666667 0.00773273 0.00275911
17.240000000 0 300 0.00000000 0.00235115 0.00016331
17.241000000 1 300 0.00333333 0.00406553 0.00331505
17.242000000 4 300 0.01333333 0.00700634 0.00660195
17.243000000 1 300 0.00333333 0.00406553 0.00307072
17.244000000 1 300 0.00333333 0.00406553 0.00027738
17.245000000 1 300 0.00333333 0.00406553 0.00583798
17.246000000 1 300 0.00333333 0.00406553 0.00969097
17.247000000 1 300 0.00333333 0.00406553 0.00351171
17.248000000 0 300 0.00000000 0.00235115 0.00081744
17.249000000 2 300 0.00666667 0.00523980 0.01090736
17.250000000 4 300 0.01333333 0.00700634 0.01556923
17.251000000 1 300 0.00333333 0.00406553 0.00433444
17.252000000 2 300 0.00666667 0.00523980 0.00256063
17.253000000 10 300 0.03333333 0.01059353 0.02304868
17.254000000 11 300 0.03666667 0.01106741 0.02993783
17.255000000 0 300 0.00000000 0.00235115 0.00673921
17.256000000 3 300 0.01000000 0.00618943 0.00831358
17.257000000 7 300 0.02333333 0.00899928 0.06340456
17.258000000 26 300 0.08666667 0.01635939 0.08775761
17.259000000 7 300 0.02333333 0.00899928 0.02454876
17.260000000 5 300 0.01666667 0.00773273 0.02425594
17.261000000 83 300 0.27666667 0.02584912 0.29305038
17.262000000 230 300 0.76666667 0.02445135 0.73769521
17.263000000 293 300 0.97666667 0.00899928 0.96560959
17.264000000 219 300 0.73000000 0.02565482 0.74389236
17.265000000 86 300 0.28666667 0.02612730 0.29930881
17.266000000 7 300 0.02333333 0.00899928 0.02605124
17.267000000 8 300 0.02666667 0.00956413 0.02343061
17.268000000 35 300 0.11666667 0.01862170 0.08736240
17.269000000 22 300 0.07333333 0.01518367 0.06431790
17.270000000 3 300 0.01000000 0.00618943 0.00883100
17.271000000 1 300 0.00333333 0.00406553 0.00638867
17.272000000 5 300 0.01666667 0.00773273 0.02974959
17.273000000 4 300 0.01333333 0.00700634 0.02337822
17.274000000 2 300 0.00666667 0.00523980 0.00274469
17.275000000 0 300 0.00000000 0.00235115 0.00414803
17.276000000 9 300 0.03000000 0.01009378 0.01549232
17.277000000 6 300 0.02000000 0.00839213 0.01108581
17.278000000 0 300 0.00000000 0.00235115 0.00089005
17.279000000 0 300 0.00000000 0.00235115 0.00339200
17.280000000 4 300 0.01333333 0.00700634 0.00966425
17.281000000 2 300 0.00666667 0.00523980 0.00595176
17.282000000 0 300 0.00000000 0.00235115 0.00030224
17.283000000 2 300 0.00666667 0.00523980 0.00298803
17.284000000 2 300 0.00666667 0.00523980 0.00660004
17.285000000 1 300 0.00333333 0.00406553 0.00339271
17.286000000 0 300 0.00000000 0.00235115 0.00016491
17.287000000 5 300 0.01666667 0.00773273 0.00270056
17.288000000 2 300 0.00666667 0.00523980 0.00473208
17.289000000 1 300 0.00333333 0.00406553 0.00198307
17.290000000 0 300 0.00000000 0.00235115 0.00020226
17.291000000 0 300 0.00000000 0.00235115 0.00245778
17.292000000 1 300 0.00333333 0.00406553 0.00348168
17.293000000 1 300 0.00333333 0.00406553 0.00116434
17.294000000 0 300 0.00000000 0.00235115 0.00030518
17.295000000 1 300 0.00333333 0.00406553 0.00223351
17.296000000 1 300 0.00333333 0.00406553 0.00259261
17.297000000 0 300 0.00000000 0.00235115 0.00068049
17.298000000 1 300 0.00333333 0.00406553 0.00042543
17.299000000 2 300 0.00666667 0.00523980 0.00201787
Sine-model frequency in rad/ns; shift in rad.
[[Model]]
    (Model(sine) + Model(constant))
[[Fit Statistics]]
    # fitting method   = leastsq
    # function evals   = 41
    # data points      = 200
    # variables        = 4
    chi-square         = 243.865603
    reduced chi-square = 1.24421226
    Akaike info crit   = 47.6599802
    Bayesian info crit = 60.8532497
    R-squared          = 0.99616748
[[Variables]]
    amplitude:  0.50(3) (5.24%) == 'contrast*(1-minimum)/2'
    frequency:  0.16815(7) (0.04%) (init = 0.1675516)
    shift:     -1.588(8) (0.52%) (init = -1.570796)
    c:          0.50(3) (5.24%) == 'minimum+amplitude'
    minimum:    0.00000(4) (1407397091.11%) (init = 0.002)
    contrast:   1.0000(4) (0.04%) (init = 0.98)
[[Correlations]] (unreported correlations are < 0.100)
    C(frequency, shift) = -0.8607
duration_ns
coordinate nof_transitions shots probability standard_error fitted_probability
0.000000000 0 300 0.00000000 0.00235115 0.00007463
1.000000000 2 300 0.00666667 0.00523980 0.00568012
2.000000000 7 300 0.02333333 0.00899928 0.02523001
3.000000000 13 300 0.04333333 0.01194975 0.05817282
4.000000000 36 300 0.12000000 0.01884656 0.10357926
5.000000000 41 300 0.13666667 0.01990516 0.16016844
6.000000000 70 300 0.23333333 0.02445135 0.22634402
7.000000000 86 300 0.28666667 0.02612730 0.30023924
8.000000000 101 300 0.33666667 0.02729464 0.37976956
9.000000000 147 300 0.49000000 0.02886178 0.46269150
10.000000000 185 300 0.61666667 0.02807604 0.54666588
11.000000000 181 300 0.60333333 0.02824848 0.62932385
12.000000000 212 300 0.70666667 0.02630413 0.70833369
13.000000000 241 300 0.80333333 0.02299270 0.78146659
14.000000000 248 300 0.82666667 0.02190866 0.84665952
15.000000000 269 300 0.89666667 0.01767289 0.90207344
16.000000000 285 300 0.95000000 0.01275974 0.94614515
17.000000000 289 300 0.96333333 0.01106741 0.97763143
18.000000000 300 300 1.00000000 0.00235115 0.99564408
19.000000000 300 300 1.00000000 0.00235115 0.99967497
20.000000000 299 300 0.99666667 0.00406553 0.98961038
21.000000000 293 300 0.97666667 0.00899928 0.96573424
22.000000000 278 300 0.92666667 0.01518367 0.92872008
23.000000000 259 300 0.86333333 0.01990516 0.87961203
24.000000000 248 300 0.82666667 0.02190866 0.81979540
25.000000000 233 300 0.77666667 0.02408065 0.75095758
26.000000000 203 300 0.67666667 0.02701826 0.67504042
27.000000000 174 300 0.58000000 0.02849810 0.59418550
28.000000000 145 300 0.48333333 0.02885158 0.51067368
29.000000000 134 300 0.44666667 0.02870392 0.42686076
30.000000000 104 300 0.34666667 0.02748605 0.34511104
31.000000000 70 300 0.23333333 0.02445135 0.26773063
32.000000000 53 300 0.17666667 0.02207178 0.19690237
33.000000000 50 300 0.16666667 0.02157359 0.13462428
34.000000000 33 300 0.11000000 0.01815755 0.08265316
35.000000000 12 300 0.04000000 0.01151863 0.04245511
36.000000000 2 300 0.00666667 0.00523980 0.01516406
37.000000000 1 300 0.00333333 0.00406553 0.00154988
38.000000000 1 300 0.00333333 0.00406553 0.00199662
39.000000000 4 300 0.01333333 0.00700634 0.01649167
40.000000000 12 300 0.04000000 0.01151863 0.04462615
41.000000000 24 300 0.08000000 0.01578714 0.08560639
42.000000000 38 300 0.12666667 0.01928270 0.13827637
43.000000000 57 300 0.19000000 0.02269636 0.20115032
44.000000000 86 300 0.28666667 0.02612730 0.27245460
45.000000000 110 300 0.36666667 0.02782925 0.35017777
46.000000000 130 300 0.43333333 0.02861148 0.43212731
47.000000000 148 300 0.49333333 0.02886496 0.51599150
48.000000000 191 300 0.63666667 0.02777566 0.59940458
49.000000000 198 300 0.66000000 0.02735994 0.68001353
50.000000000 229 300 0.76333333 0.02457068 0.75554442
51.000000000 242 300 0.80666667 0.02284582 0.82386659
52.000000000 263 300 0.87666667 0.01906684 0.88305272
53.000000000 270 300 0.90000000 0.01742234 0.93143321
54.000000000 296 300 0.98666667 0.00700634 0.96764328
55.000000000 296 300 0.98666667 0.00700634 0.99066148
56.000000000 300 300 1.00000000 0.00235115 0.99983847
57.000000000 299 300 0.99666667 0.00406553 0.99491537
58.000000000 288 300 0.96000000 0.01151863 0.97603107
59.000000000 275 300 0.91666667 0.01607695 0.94371829
60.000000000 270 300 0.90000000 0.01742234 0.89888852
61.000000000 248 300 0.82666667 0.02190866 0.84280641
62.000000000 228 300 0.76000000 0.02468795 0.77705397
63.000000000 217 300 0.72333333 0.02584912 0.70348604
64.000000000 184 300 0.61333333 0.02812121 0.62417792
65.000000000 139 300 0.46333333 0.02879030 0.54136682
66.000000000 146 300 0.48666667 0.02885732 0.45738880
67.000000000 118 300 0.39333333 0.02820743 0.37461281
68.000000000 94 300 0.31333333 0.02679469 0.29537390
69.000000000 76 300 0.25333333 0.02513690 0.22190735
70.000000000 42 300 0.14000000 0.02010470 0.15628559
71.000000000 30 300 0.10000000 0.01742234 0.10035976
72.000000000 12 300 0.04000000 0.01151863 0.05570750
73.000000000 11 300 0.03666667 0.01106741 0.02358840
74.000000000 0 300 0.00000000 0.00235115 0.00490853
75.000000000 0 300 0.00000000 0.00235115 0.00019483
76.000000000 2 300 0.00666667 0.00523980 0.00958028
77.000000000 4 300 0.01333333 0.00700634 0.03280011
78.000000000 20 300 0.06666667 0.01454508 0.06919931
79.000000000 34 300 0.11333333 0.01839209 0.11775109
80.000000000 49 300 0.16333333 0.02140151 0.17708583
81.000000000 83 300 0.27666667 0.02584912 0.24552974
82.000000000 90 300 0.30000000 0.02647422 0.32115208
83.000000000 133 300 0.44333333 0.02868276 0.40181959
84.000000000 149 300 0.49666667 0.02886688 0.48525670
85.000000000 157 300 0.52333333 0.02883627 0.56910970
86.000000000 196 300 0.65333333 0.02748605 0.65101317
87.000000000 215 300 0.71666667 0.02603632 0.72865667
88.000000000 236 300 0.78666667 0.02369018 0.79984993
89.000000000 263 300 0.87666667 0.01906684 0.86258464
90.000000000 277 300 0.92333333 0.01548953 0.91509110
91.000000000 290 300 0.96666667 0.01059353 0.95588814
92.000000000 298 300 0.99333333 0.00523980 0.98382490
93.000000000 298 300 0.99333333 0.00523980 0.99811332
94.000000000 299 300 0.99666667 0.00406553 0.99835032
95.000000000 297 300 0.99000000 0.00618943 0.98452921
96.000000000 289 300 0.96333333 0.01106741 0.95703989
97.000000000 271 300 0.90333333 0.01716599 0.91665781
98.000000000 262 300 0.87333333 0.01928270 0.86452211
99.000000000 251 300 0.83666667 0.02140151 0.80210350
100.000000000 229 300 0.76333333 0.02457068 0.73116278
101.000000000 193 300 0.64333333 0.02766417 0.65370112
102.000000000 158 300 0.52666667 0.02882670 0.57190366
103.000000000 150 300 0.50000000 0.02886751 0.48807785
104.000000000 117 300 0.39000000 0.02816501 0.40458836
105.000000000 103 300 0.34333333 0.02742373 0.32379036
106.000000000 92 300 0.30666667 0.02663770 0.24796311
107.000000000 57 300 0.19000000 0.02269636 0.17924563
108.000000000 44 300 0.14666667 0.02049258 0.11957640
109.000000000 32 300 0.10666667 0.01791788 0.07063865
110.000000000 4 300 0.01333333 0.00700634 0.03381287
111.000000000 8 300 0.02666667 0.00956413 0.01013790
112.000000000 3 300 0.01000000 0.00618943 0.00028157
113.000000000 4 300 0.01333333 0.00700634 0.00452195
114.000000000 12 300 0.04000000 0.01151863 0.02273939
115.000000000 20 300 0.06666667 0.01454508 0.05442002
116.000000000 28 300 0.09333333 0.01690357 0.09867013
117.000000000 45 300 0.15000000 0.02068112 0.15424147
118.000000000 70 300 0.23333333 0.02445135 0.21956641
119.000000000 78 300 0.26000000 0.02534969 0.29280218
120.000000000 113 300 0.37666667 0.02798153 0.37188284
121.000000000 129 300 0.43000000 0.02858511 0.45457760
122.000000000 149 300 0.49666667 0.02886688 0.53855369
123.000000000 180 300 0.60000000 0.02828818 0.62144221
124.000000000 205 300 0.68333333 0.02687079 0.70090493
125.000000000 228 300 0.76000000 0.02468795 0.77470027
126.000000000 253 300 0.84333333 0.02104789 0.84074652
127.000000000 277 300 0.92333333 0.01548953 0.89718055
128.000000000 284 300 0.94666667 0.01314183 0.94241041
129.000000000 290 300 0.96666667 0.01059353 0.97516018
130.000000000 298 300 0.99333333 0.00523980 0.99450604
131.000000000 300 300 1.00000000 0.00235115 0.99990223
132.000000000 298 300 0.99333333 0.00523980 0.99119655
133.000000000 285 300 0.95000000 0.01275974 0.96863457
134.000000000 267 300 0.89000000 0.01815755 0.93285274
135.000000000 270 300 0.90000000 0.01742234 0.88486046
136.000000000 241 300 0.80333333 0.02299270 0.82601153
137.000000000 241 300 0.80333333 0.02299270 0.75796606
138.000000000 211 300 0.70333333 0.02639001 0.68264356
139.000000000 180 300 0.60000000 0.02828818 0.60216881
140.000000000 153 300 0.51000000 0.02886178 0.51881195
141.000000000 132 300 0.44000000 0.02866030 0.43492442
142.000000000 101 300 0.33666667 0.02729464 0.35287263
143.000000000 78 300 0.26000000 0.02534969 0.27497119
144.000000000 62 300 0.20666667 0.02341839 0.20341765
145.000000000 42 300 0.14000000 0.02010470 0.14023049
146.000000000 36 300 0.12000000 0.01884656 0.08719216
147.000000000 23 300 0.07666667 0.01548953 0.04579884
148.000000000 1 300 0.00333333 0.00406553 0.01721821
149.000000000 4 300 0.01333333 0.00700634 0.00225651
150.000000000 3 300 0.01000000 0.00618943 0.00133578
151.000000000 9 300 0.03000000 0.01009378 0.01448202
152.000000000 13 300 0.04333333 0.01194975 0.04132436
153.000000000 27 300 0.09000000 0.01663481 0.08110562
154.000000000 55 300 0.18333333 0.02238954 0.13270358
155.000000000 51 300 0.17000000 0.02174261 0.19466270
156.000000000 91 300 0.30333333 0.02655678 0.26523517
157.000000000 97 300 0.32333333 0.02701826 0.34243019
158.000000000 140 300 0.46666667 0.02880372 0.42407013
159.000000000 135 300 0.45000000 0.02872378 0.50785201
160.000000000 177 300 0.59000000 0.02839916 0.59141238
161.000000000 187 300 0.62333333 0.02798153 0.67239408
162.000000000 216 300 0.72000000 0.02594360 0.74851266
163.000000000 244 300 0.81333333 0.02254429 0.81762088
164.000000000 264 300 0.88000000 0.01884656 0.87776925
165.000000000 271 300 0.90333333 0.01716599 0.92726102
166.000000000 293 300 0.97666667 0.00899928 0.96470007
167.000000000 297 300 0.99000000 0.00618943 0.98903026
168.000000000 299 300 0.99666667 0.00406553 0.99956526
169.000000000 298 300 0.99333333 0.00523980 0.99600789
170.000000000 293 300 0.97666667 0.00899928 0.97845850
171.000000000 284 300 0.94666667 0.01314183 0.94741214
172.000000000 272 300 0.90666667 0.01690357 0.90374460
173.000000000 249 300 0.83000000 0.02174261 0.84868773
174.000000000 231 300 0.77000000 0.02432993 0.78379462
175.000000000 217 300 0.72333333 0.02584912 0.71089587
176.000000000 197 300 0.65666667 0.02742373 0.63204791
177.000000000 171 300 0.57000000 0.02858511 0.54947497
178.000000000 156 300 0.52000000 0.02884456 0.46550637
179.000000000 123 300 0.41000000 0.02839916 0.38251082
180.000000000 97 300 0.32333333 0.02701826 0.30282955
181.000000000 72 300 0.24000000 0.02468795 0.22871031
182.000000000 53 300 0.17666667 0.02207178 0.16224396
183.000000000 41 300 0.13666667 0.01990516 0.10530547
184.000000000 17 300 0.05666667 0.01351041 0.05950102
185.000000000 12 300 0.04000000 0.01151863 0.02612273
186.000000000 3 300 0.01000000 0.00618943 0.00611217
187.000000000 3 300 0.01000000 0.00618943 0.00003384
188.000000000 5 300 0.01666667 0.00773273 0.00805918
189.000000000 10 300 0.03333333 0.01059353 0.02996182
190.000000000 18 300 0.06000000 0.01386654 0.06512390
191.000000000 37 300 0.12333333 0.01906684 0.11255351
192.000000000 51 300 0.17000000 0.02174261 0.17091271
193.000000000 76 300 0.25333333 0.02513690 0.23855523
194.000000000 91 300 0.30333333 0.02655678 0.31357291
195.000000000 112 300 0.37333333 0.02793218 0.39384957
196.000000000 152 300 0.50666667 0.02886496 0.47712065
197.000000000 177 300 0.59000000 0.02839916 0.56103714
198.000000000 194 300 0.64666667 0.02760625 0.64323182
199.000000000 233 300 0.77666667 0.02408065 0.72138604
